Sp_ID RA DEC Gaia_ID
Sp0000-1245 0.1193751 -12.7542112 2421137424841635840
Sp0001+1535 0.3007107 15.5932068 2772182900286956160
Sp0002+0115 0.5259069000000001 1.2600395 2738415592529108096
Sp0004+5843 1.0314046 58.716818 423130041883475968
Sp0004-1709 1.2398171999999998 -17.1602658 2414623952318068224
Sp0004-2058 1.1730139 -20.9749664 2340736324254735488
Sp0004-4044 1.146191 -40.7351291 4996141155411984128
Sp0005+0217 1.2576252 2.2866248 2739077223651402240
Sp0005-2157 1.4521621999999998 -21.9554899 2340605825968413184
Sp0006+0439 1.6092862 4.6532415 2741783362285662592
Sp0006-0732 1.6799580000000005 -7.538062299999999 2441630500517079808
Sp0007-2458 1.7829665 -24.9678772 2336406413104712320
Sp0008+2911 2.2470473 29.1977456 2860297040582153600
Sp0008+4918 2.2306785 49.3156445 393621524910343296
Sp0008+5453 2.1438542000000003 54.89522 420235478744248192
Sp0010-0746 2.622372 -7.7802664 2429635550212644608
Sp0010-2031 2.5004679 -20.5200619 2364740071837660672
Sp0011+5908 2.8788798 59.14441239999999 423027104407576576
Sp0011-3334 2.7603567000000004 -33.579604 2310240437249834496
Sp0012+5159 3.1032685 51.9889449 395797630219580032
Sp0013+4012 3.2602292 40.2041241 383030719672118528
Sp0013-0457 3.444125 -4.9603333 2444078253918146944
Sp0013-2235 3.4908153 -22.5889735 2361294885296927488
Sp0014-3245 3.5242695 -32.7666224 2316363175123938560
Sp0014-4844 3.7343152 -48.7380285 4977142934516994176
Sp0015+3516 3.936610500000001 35.2673998 2876239130257160960
Sp0015+4239 3.814316 42.657951 383847961754087040
Sp0017-4054 4.3119328 -40.9113924 4995537965909399552
Sp0018-6356 4.6938349000000015 -63.93661529999999 4900453540369793408
Sp0019+0030 4.7985453 0.5049021 2545563520758981760
Sp0019+0450 4.8645149000000005 4.841645400000001 2741250786341356288
Sp0019+5213 4.9418277 52.22155120000001 419121948343397888
Sp0019-3724 4.913929799999999 -37.41090629999999 4998742462483975424
Sp0020+3305 5.123431 33.085118900000005 2863419584886542080
Sp0020-2155 5.1562344000000015 -21.9249665 2361213216492876160
Sp0021-4244 5.2750567 -42.7454158 4992141475707360640
Sp0021-6351 5.3655833 -63.85227220000001 4900780511935295872
Sp0022+1203 5.5575470000000005 12.0513247 2755265775727402112
Sp0024-0158 6.102643 -1.9722136 2541756977144595712
Sp0024-2708 6.184125 -27.1400667 2322561156528583040
Sp0025+5422 6.3157657999999985 54.3819181 419624356438705152
Sp0026+0632 6.668572599999999 6.5377759000000015 2747837646968986624
Sp0026-5428 6.735800200000001 -54.4813334 4923179694098110848
Sp0027+2219 6.9830417 22.3257889 2799992744809482112
Sp0027-5401 6.8489207 -54.0294586 4923251780829182080
Sp0028+2249 7.0877328 22.8177839 2800081221135505536
Sp0029+1255 7.2882099 12.9193704 2755053363824509056
Sp0030+2244 7.6033929 22.7469251 2800023565494388480
Sp0031+0649 7.9782107 6.8295516 2747910730136768768
Sp0031-3840 7.8309854 -38.6766878 4997505546262260096
Sp0032+0219 8.0211733 2.3171783 2547532539925750784
Sp0032+2927 8.075909 29.466498699999995 2858055063359237248
Sp0033-1521 8.3495151 -15.3585741 2373841073178592512
Sp0034+4050 8.657895300000002 40.83392429999999 381017479521263360
Sp0035+2848 8.943866900000002 28.8152914 2857774451671081856
Sp0036+1821 9.067341 18.3528589 2794735086363871360
Sp0036-2031 9.1867419 -20.5254473 2362391480640927872
Sp0037+3910 9.4571743 39.1730094 368663366870354048
Sp0041+1341 10.477258 13.6932 2776324485710775296
Sp0041-5621 10.397458300000002 -56.35354720000001 4920330653311504256
Sp0042-0712 10.6487296 -7.215903999999999 2523339813782147456
Sp0043+2426 10.8987515 24.43674110000001 2806483501252043776
Sp0044+5610 11.060967 56.1789723 424486328134461440
Sp0045-3604 11.4826904 -36.0823908 5001224335106301824
Sp0046+0252 11.56462 2.8668762 2550766886522609920
Sp0046-3442 11.684504400000002 -34.7019789 5005816887800833792
Sp0049-0635 12.361541699999998 -6.5963083 2523085654797153280
Sp0050-1538 12.6016888 -15.6386576 2372272516761781888
Sp0050-2008 12.5405662 -20.1452616 2356590216775021696
Sp0051+1844 12.8429325 18.7364925 2788907296779605376
Sp0051-2251 12.8441409 -22.8588718 2349207644734247808
Sp0051-2254 12.896840699999998 -22.9085875 2349206343359507584
Sp0052+6724 13.1083732 67.4023238 526331891194068736
Sp0052-2705 13.2279384 -27.0998775 2342686956666281728
Sp0052-6201 13.063867 -62.03176970000001 4902366110781708288
Sp0053+4942 13.4263471 49.7142408 402884704215426560
Sp0053+5001 13.475417000000002 50.0304033 402895974206479744
Sp0053-3631 13.3291346 -36.5194963 5001668709601989248
Sp0055-3052 13.7694994 -30.8669404 5031016873971268352
Sp0055-5450 13.7521858 -54.8406109 4920890648327138560
Sp0058+4835 14.7079839 48.5909506 402217850409939456
Sp0058-0651 14.6772881 -6.8566744 2476262466795918080
Sp0059+5726 14.971829199999998 57.4344065 424127406310491904
Sp0102+5254 15.519584 52.90316609999999 405102625325363840
Sp0102-3737 15.714374800000002 -37.62882570000001 4989399774745144448
Sp0102-6322 15.5566915 -63.3790461 4709450095539630080
Sp0103+2626 15.8393799 26.4345925 307409432354133120
Sp0103+4509 15.7838542 45.1581209 377003295711606400
Sp0103-0044 15.7979302 -0.7381015999999999 2536129912855899904
Sp0103-5351 15.7997247 -53.8620382 4926974486681928192
Sp0104+1457 16.1571796 14.9567196 2777311464900902144
Sp0106-5933 16.5954181 -59.5551273 4903260597849834880
Sp0107+2435 16.7675728 24.5908881 2804241012928464640
Sp0109+0625 17.2805383 6.4327437000000005 2576519892681546240
Sp0109+2949 17.341804999999994 29.8240109 309977380415042432
Sp0109-0343 17.4633464 -3.7239975 2531195858721613056
Sp0109-4954 17.288524399999996 -49.91475850000001 4928939932436444544
Sp0109-5100 17.2568975 -51.0137235 4928644747924606848
Sp0111-4908 17.947357399999994 -49.13579429999999 4929042942932181888
Sp0113-1408 18.4990542 -14.1383161 2456022519312921472
Sp0116-6455 19.2191495 -64.9325005 4705936189520133760
Sp0117+1752 19.2743871 17.8824174 2785769664257297408
Sp0117-1247 19.358404 -12.7981735 2456646801399860736
Sp0120-0741 20.204876100000003 -7.684358 2472387757755767168
Sp0121-4447 20.3009974 -44.7843342 4935070839335879936
Sp0123-4240 20.995903 -42.6686582 4983839338285335680
Sp0124+6819 21.0998763 68.32533719999999 531859307941994240
Sp0124+8334 21.0518681 83.5763529 572481658379312896
Sp0124-3355 21.1275417 -33.9170833 5015892507416472320
Sp0125+2847 21.2500094 28.799626300000003 309062449301821056
Sp0126+1419 21.6188333 14.3225167 2590346766796818432
Sp0127-3140 21.8831667 -31.667505600000005 5016743873013787264
Sp0128+0211 22.0860665 2.1884858 2559347994957228288
Sp0130+1721 22.5241905 17.3620995 2593537751408707584
Sp0130-0211 22.6785363 -2.1915204 2485433257060541184
Sp0130-4445 22.64870010000001 -44.7614414 4934682372428878208
Sp0132+2552 23.2087503 25.8780175 295161186352604800
Sp0132-0910 23.0520391 -9.1675232 2465008007508485632
Sp0134-3255 23.5767627 -32.9306907 5015644533184833920
Sp0135+1205 23.8994272 12.08942 2586051833860608128
Sp0138-7320 24.5896667 -73.34957220000003 4686584548650372736
Sp0139-1757 24.7564167 -17.9505 5140693571158739840
Sp0141+1804 25.26364460000001 18.0806042 94712996769289856
Sp0141-2417 25.3115712 -24.2920617 5038991425649132288
Sp0144+5121 26.1537265 51.3644298 406123143916057216
Sp0144-0716 26.1475328 -7.2706428 2467182154313027712
Sp0148-3024 27.1608755 -30.4109914 5022239300847947136
Sp0148-6209 27.2175653 -62.1595225 4712623767133748352
Sp0151+6423 27.977649600000003 64.3856717 518201101498814208
Sp0151-0051 27.9210273 -0.8656640999999999 2506136919278381568
Sp0151-6430 27.8298839 -64.5132051 4699355032608266496
Sp0154+4305 28.5218087 43.0897875 349186480457872128
Sp0155+0950 28.7648113 9.833449 2570824594248255104
Sp0156+0331 29.2213315 3.532456 2512629230496996992
Sp0157+6656 29.2736918 66.93683560000001 518891358563964928
Sp0158+1807 29.565480800000003 18.1202508 91196316201965184
Sp0200-0554 30.1725555 -5.9020649 2490879035073732864
Sp0202+1020 30.5676289 10.3372094 2571094283835172736
Sp0202+7053 30.5819037 70.8982892 522185284946865792
Sp0204-3632 31.0924179 -36.5418682 4967945760266710016
Sp0204-3945 31.0753132 -39.751745 4958339052296792448
Sp0205+1251 31.2643333 12.8616722 76630604632066944
Sp0205-0653 31.2686793 -6.8904212 2490502280542585216
Sp0207+1355 31.8983432 13.9322778 77216472530687744
Sp0207-2955 31.9436131 -29.923198 5020168989172195456
Sp0207-3721 31.8089877 -37.363974 4967628688601251200
Sp0208+2542 32.0767816 25.7147747 105449766468765952
Sp0208+4949 32.058112699999995 49.8171322 358275352812913792
Sp0210-5228 32.7311453 -52.4728512 4936518694287842816
Sp0211-1427 32.7907681 -14.4598068 5148403312332170368
Sp0212+1032 33.1931397 10.5485618 72354810070468224
Sp0212+2433 33.0680754 24.5559471 104320396228185728
Sp0212-1036 33.071647 -10.6084367 5151948893734911744
Sp0213+4444 33.3698777 44.7458939 352200138749697408
Sp0213-1343 33.4045959 -13.7231773 5149965026866229760
Sp0214-0357 33.5523498 -3.962106 2492866780297999232
Sp0215-3040 33.78404860000001 -30.6670547 4971892010576979840
Sp0216+1335 34.12444489999999 13.5868879 74203982469858816
Sp0216-2200 34.0892387 -22.0135245 5123785831102567680
Sp0217+3526 34.2922822 35.4423756 327944328126649856
Sp0218-0617 34.7412613 -6.2972219 2487828199544312064
Sp0218-3133 34.621155 -31.556436600000005 4971581089304028288
Sp0219+5912 34.9838768 59.324248 459215468053012096
Sp0219-1938 34.8669482 -19.6448166 5131045975099845376
Sp0222+3033 35.51066020000001 30.56638 132194493461817088
Sp0222-2732 35.698508200000006 -27.543086 5116817882319879936
Sp0222-3651 35.5761667 -36.8643333 4965627680518079872
Sp0225+6229 36.3609044 62.49946310000001 513688675702458880
Sp0227+5034 36.9271328 50.579644 451548332947464960
Sp0227-1624 36.7931333 -16.4132367 5145416111038393216
Sp0227-6447 36.8119879 -64.79568090000001 4699699420265887232
Sp0228+0310 37.041174700000006 3.1828665000000003 2515419825368053120
Sp0228+1639 37.17691660000001 16.6591627 82493612948013824
Sp0228-6325 37.1844347 -63.41822120000001 4700401321000355712
Sp0229+4906 37.2895948 49.1155357 354582780449594240
Sp0230+1648 37.6037795 16.807002800000006 82512476444934528
Sp0230-0953 37.6875085 -9.8848028 5175327809475722624
Sp0232-2152 38.0573734 -21.8709313 5126647207035088768
Sp0233+2209 38.377238 22.1539283 89186168428165632
Sp0233+3134 38.2685277 31.5778696 133239785421630080
Sp0234+6012 38.5905857 60.2079782 465119669390468864
Sp0235+6314 38.778922 63.2424668 514142567849992832
Sp0237-3434 39.2590621 -34.5754842 5062172669818053760
Sp0239-1735 39.9269029 -17.5964662 5132321541732365312
Sp0240+0727 40.0776412 7.4620612999999985 18973108224425856
Sp0241+5444 40.2577592 54.7436687 454010341345229824
Sp0242-4124 40.52554170000001 -41.40980560000001 4948775190921234816
Sp0242-5232 40.708788 -52.5475142 4742124385662135168
Sp0243+4755 40.7582715 47.9309092 438189026151353216
Sp0244-3548 41.0425911 -35.80104710000001 5049878716772823552
Sp0246+1625 41.6444899 16.4195029 33732162042339072
Sp0246-0459 41.5621764 -4.989043700000002 5184938400096586112
Sp0247+2850 41.95704170000001 28.84889170000001 128699657098142848
Sp0248+1916 42.147876 19.2747594 83872744127196416
Sp0248-1651 42.1708225 -16.8561424 5156623295621846016
Sp0249-2147 42.4917054 -21.7907728 5079320515724161152
Sp0249-3131 42.3371232 -31.5171103 5064526827293371008
Sp0250-0808 42.5102132 -8.144859700000001 5174318457801944448
Sp0251+0047 42.8052308 0.7934508000000001 2499082040356574848
Sp0251-0352 42.8120833 -3.8794278 5185492790179961216
Sp0252+0056 43.1095896 0.9396152 2499091523644792832
Sp0252+5014 43.20164550000001 50.2479627 440258066516067840
Sp0253+1652 43.25437879999999 16.88129 35227046884571776
Sp0253+2713 43.3349728 27.22597410000001 116297651268418304
Sp0253-2336 43.3634939 -23.6160788 5076670520902556544
Sp0253-7959 43.4368924 -79.98701690000001 4620448786799883136
Sp0254-1934 43.5242651 -19.5811729 5128049359237940224
Sp0255-4700 43.7674256 -47.0142628 4752399493622045696
Sp0257+4111 44.4778429 41.1922802 144071108826683392
Sp0257+5253 44.3987402 52.8869721 441131353629184384
Sp0257-3105 44.3581018 -31.0978307 5052876333365036928
Sp0259+2254 44.936306 22.9123165 109888804147448832
Sp0259-4421 44.8998369 -44.3556938 4755271005677102208
Sp0301+4416 45.2634447 44.2824991 432824886875420672
Sp0302-3950 45.5257732 -39.8477529 5044297634405581696
Sp0304-2435 46.1343917 -24.5871226 5074762692133598848
Sp0306-2647 46.5071966 -26.7954758 5072067381112863104
Sp0306-3647 46.548145700000006 -36.7980146 5047423236725995136
Sp0307+5719 46.8025047 57.3268416 460257255316125440
Sp0309-1354 47.3899815 -13.9065903 5156148920778713088
Sp0309-3658 47.2995632 -36.9758656 5046632275547349888
Sp0310+0234 47.51409810000001 2.5741962000000003 769456276704128
Sp0310+0726 47.5021133 7.4473617 13533892921879936
Sp0310-2756 47.558375 -27.9458389 5059737904395839360
Sp0311+0106 47.8145 1.1085278 3266937637860051840
Sp0311-3239 47.92683579999999 -32.6624562 5057544756654464256
Sp0314+1603 48.5142992 16.051520999999994 31235033696866688
Sp0314+2840 48.5521396 28.6776549 121843656638575872
Sp0314-4623 48.63744570000001 -46.3944965 4750974938867962880
Sp0315+8122 48.996896 81.3792666 568406902646099328
Sp0316-2848 49.1881558 -28.8144915 5058664471807949952
Sp0319+4848 49.9660569 48.8062388 435616199005050240
Sp0319-3703 49.82175 -37.0621389 4854708878788267264
Sp0320+1854 50.2488814 18.9063256 56252256123908096
Sp0320-0446 50.1181615 -4.776783 5182151481717042944
Sp0320-5520 50.2462569 -55.33769870000001 4733921479163010688
Sp0321+3847 50.3744939 38.7914997 235505877319305088
Sp0323-4304 50.9473184 -43.08038079999999 4847994814111309952
Sp0324-5410 51.1667977 -54.16843520000001 4734086332891794560
Sp0324-7727 51.116194 -77.4515377 4626805063519952640
Sp0325+1412 51.371284 14.209205 41966709564899840
Sp0325-0551 51.4312091 -5.8529328000000005 5169818362867643904
Sp0325-8159 51.3153313 -81.9881808 4619083227718289664
Sp0326+1919 51.6857348 19.3252417 57744155965790720
Sp0326-2443 51.5200072 -24.7262601 5086024581717191808
Sp0326-4236 51.63699520000001 -42.6023164 4849342467474991488
Sp0328+1129 52.1443971 11.4976922 16386404041502592
Sp0329+3304 52.2774032 33.0695566 124843738541698944
Sp0330+3146 52.73239570000001 31.7742518 121447763732821120
Sp0330+5413 52.7032454 54.231989 445100418805396608
Sp0330-0025 52.6464404 -0.4263746 3264130653394056320
Sp0330-4835 52.5286905 -48.5869118 4833780362148081536
Sp0331-3042 52.8761044 -30.7107841 5055805741577757824
Sp0332-2317 53.0018378 -23.2970701 5086590967645571584
Sp0334+3740 53.63887 37.6672275 222804628232689792
Sp0334-2130 53.5444535 -21.5095533 5100356956302641536
Sp0334-4953 53.5509105 -49.8922259 4736655036868019072
Sp0335+0658 53.9389593 6.9683192 3277801633082032384
Sp0335-0829 53.9109661 -8.4896648 5165286828773802880
Sp0335-4430 54.0000397 -44.5127016 4848140361962951552
Sp0338-5435 54.6026649 -54.5911291 4732291624973484928
Sp0339+2457 54.9701667 24.9575083 68553214259082240
Sp0339-3525 54.8971877 -35.4287857 4860376345833699840
Sp0340-3649 55.0552454 -36.8189228 4859959115530290304
Sp0341+4741 55.4225593 47.6954547 248555912114736512
Sp0342+4629 55.5477547 46.4934841 247887099802005504
Sp0344+0111 56.0371406 1.1903008999999998 3269943938874146688
Sp0345+2540 56.4297907 25.6731242 69927191475070080
Sp0346+6236 56.6849731 62.6013965 487032317657766144
Sp0346-0218 56.5507428 -2.3077989 3250289726147347968
Sp0347-1814 56.7542668 -18.2334139 5107303911284277504
Sp0348+1126 57.02773620000001 11.4383436 36685828231324160
Sp0348-6836 57.1807249 -68.60234809999999 4667501596636209792
Sp0351-0052 57.750114 -0.8791441999999999 3257243312560240000
Sp0351-1751 57.8479978 -17.853174 5107660526713822976
Sp0352+0210 58.0452588 2.1800005 3270388416449237760
Sp0352-5955 58.1791694 -59.9233634 4680959790759112320
Sp0353-3441 58.33822070000001 -34.6942692 4859110361272954752
Sp0354+2316 58.5058555 23.2760573 65638443294980224
Sp0354+2416 58.6924406 24.273508 65829792677145344
Sp0354+3333 58.5040813 33.5585742 218519487823384192
Sp0354-1437 58.5836954 -14.6273802 5110641513191522304
Sp0355+0237 58.9513925 2.6322033 3271885195372201728
Sp0355+1439 58.834112 14.6582216 39612036694609152
Sp0356+4047 59.1327813 40.7886818 230134866095693184
Sp0357+1529 59.2706897 15.4906571 40091256260676736
Sp0357+4107 59.3329561 41.1285105 230171768457140736
Sp0357-1249 59.4204144 -12.830548599999998 5111481883672140800
Sp0358+2710 59.71044820000001 27.1760663 163571119344300928
Sp0358+3003 59.6247201 30.0652617 167563995820376448
Sp0400-1913 60.0364429 -19.2308859 5094485220612594432
Sp0401+2849 60.4063552 28.8313088 167202325215063168
Sp0401+4327 60.2781051 43.4644436 231618966280159360
Sp0403+2616 60.7818561 26.2698854 163267138742006912
Sp0404+4127 61.0752207 41.4610203 230409022449384576
Sp0407-1552 61.7667042 -15.8773949 5097649408917399680
Sp0408+0742 62.04305479999999 7.7137385 3298378207219150208
Sp0408-1450 62.1211333 -14.8426679 5098050661942146816
Sp0409-0605 62.3410417 -6.0885167 3197207916098620544
Sp0410+1304 62.6656993 13.071028300000002 3305248917940526208
Sp0410-1459 62.6508244 -14.9908017 3176447590378019072
Sp0413+3709 63.44116139999999 37.1525031 177700805837431296
Sp0413-2704 63.41609129999999 -27.074805 4889645826401308416
Sp0416+1310 64.1781636 13.1828576 3310480909661217664
Sp0416-5935 64.0271978 -59.5940445 4678628654309752576
Sp0417+1634 64.3533413 16.576753699999998 3312361070249018496
Sp0417-0800 64.4062433 -8.000166400000001 3192982561632526208
Sp0417-2129 64.44771850000001 -21.4886372 5091393840591018240
Sp0419+4233 64.96803050000001 42.5584518 229155579195699456
Sp0420-1458 65.0332004 -14.9796777 3175523485214138624
Sp0420-7005 65.05434100000001 -70.09961650000001 4654435618927743872
Sp0421-6306 65.2799167 -63.1005611 4676436812239613056
Sp0422-3606 65.58601329999999 -36.1021773 4869246209213679872
Sp0423-0414 65.95242859999999 -4.23423 3203124697405667712
Sp0424+2402 66.2395202 24.033790600000003 149242249454230144
Sp0426+0336 66.5830844 3.6100484 3280675417175220224
Sp0427+0859 66.7801872 8.984081800000002 3299496547982121216
Sp0428+0728 67.2067955 7.476558099999999 3287088009506738048
Sp0429-3123 67.3267917 -31.3991111 4872659466967320576
Sp0429-4405 67.2601954 -44.0961953 4791186965315184640
Sp0429-6649 67.2977915 -66.8287509 4656710057512911488
Sp0430-0849 67.7149186 -8.8169246 3197623290976364544
Sp0431+6035 67.8783902 60.5996956 471567278594453376
Sp0432-0639 68.1570202 -6.663986500000001 3198539905714619264
Sp0433+5635 68.3754491 56.592321 277483990023898240
Sp0433-3210 68.4910672 -32.1752132 4871706606997689216
Sp0435+2254 68.8370833 22.9067361 145213875069914496
Sp0435-1414 68.8106667 -14.24635 3174352367891659904
Sp0435-1606 68.81730920000001 -16.1159039 3171631420210205056
Sp0436+4810 69.1607945 48.1679355 257502810028612992
Sp0436+5211 69.0941704 52.19737979999999 272752039871123712
Sp0436-2338 69.22843320000001 -23.6389884 4894826415951734144
Sp0439+1615 69.881745 16.2619325 3310083401849536384
Sp0439-2353 69.7541429 -23.885692 4894945708668731264
Sp0439-3235 69.891853 -32.5976577 4871414343064541824
Sp0439-6105 69.8472314 -61.0834345 4677650123320081152
Sp0440-0530 70.0969905 -5.5022581 3200303384927512960
Sp0442-1356 70.5030622 -13.9397691 3174528461551365888
Sp0443-3202 70.7742406 -32.0357489 4877448669035035520
Sp0444-3655 71.15940429999998 -36.9291996 4866394831963983744
Sp0445+0938 71.3652854 9.6422999 3293037741802934528
Sp0445-0602 71.2966526 -6.047983 3199991535942307584
Sp0445-3048 71.4746823 -30.805733 4878035808244168832
Sp0445-3642 71.3852704 -36.70713350000001 4866773609425146496
Sp0445-5321 71.43070829999998 -53.3594611 4777902390950471296
Sp0446+4844 71.5793797 48.7477206 258996015538087680
Sp0447+1436 71.8984172 14.6076079 3308694237625985280
Sp0447+2819 71.9483171 28.3210309 154788598418435328
Sp0448-4636 72.0390195 -46.6008912 4787127426650318848
Sp0449+5138 72.2692667 51.6447476 260343119139306240
Sp0449-0228 72.27421149999998 -2.4731158 3225923960064578176
Sp0451+0305 72.8085978 3.091247 3233120164884973824
Sp0451-3402 72.7540265 -34.0374764 4873243032763432064
Sp0451-5818 72.90489620000002 -58.3144561 4774420478143249536
Sp0453+2033 73.39278879999998 20.5643125 3411692668689199744
Sp0453-1751 73.3603418 -17.8650882 2979566285233332608
Sp0454-4945 73.5022966 -49.7563674 4785448614130284416
Sp0455+0244 73.8761907 2.7398263 3232309683080514560
Sp0455+5252 73.798902 52.8747787 261069144711056384
Sp0455-2701 73.88619770000003 -27.030407300000004 4880607531583589632
Sp0456-0932 74.011797 -9.5497927 3183260095703769088
Sp0457+3622 74.30756690000003 36.3679807 186276481137022208
Sp0459-3348 74.9881913 -33.8140393 4825454963182167424
Sp0500+0330 75.0875533 3.5139106 3238449635184620672
Sp0500+0442 75.2003902 4.7039981 3239389064789380992
Sp0503-2705 75.9549969 -27.0941447 2958868635970761472
Sp0505+0836 76.38700820000003 8.607113400000001 3290144853694962304
Sp0506-4956 76.68248 -49.9428667 4773243481010018560
Sp0508+3319 77.2292291 33.324193 181724125038647040
Sp0508-1647 77.2060484 -16.788111699999998 2982936979862487680
Sp0510+2714 77.5835881 27.2338531 3421840993510952192
Sp0511-4606 77.7568786 -46.1003873 4798435044748833280
Sp0511-4618 77.92581690000002 -46.3001958 4798428211455368320
Sp0512-2617 78.164918 -26.2871559 2956345699166180608
Sp0512-2949 78.0265 -29.831666700000003 4875960922428889472
Sp0515+5911 78.8794461 59.1881738 281261607033049472
Sp0515+6424 78.7909034 64.415003 478476094265728896
Sp0516+5640 79.2233092 56.6720048 279844370905734144
Sp0517-2816 79.4937583 -28.2690598 2954622425142243840
Sp0517-3349 79.4074682 -33.8175201 4825880783419986432
Sp0518+2435 79.6142882 24.5978987 3417442500322067712
Sp0520+7626 80.0396265 76.44794379999998 503816916707209984
Sp0522+0518 80.707643 5.3150507000000005 3237429357111143296
Sp0522+3534 80.53418520000002 35.5690741 183740006593245568
Sp0522+5754 80.5405162 57.9012715 280225450466067968
Sp0522-0002 80.52949709999999 -0.0440424 3221419123485965824
Sp0523+4623 80.9479985 46.3897876 209212907873065344
Sp0523-1403 80.90928029999998 -14.050558 2985035874544160384
Sp0523-5607 80.8777933 -56.1167983 4769527685759537280
Sp0523-7658 80.96081120000002 -76.9770227 4624065321061824512
Sp0525+2102 81.3137239 21.0443275 3402351217901366528
Sp0526-5026 81.7490053 -50.4393487 4796425760263724800
Sp0528+0258 82.0609587 2.9693888 3235885299189354496
Sp0528+4712 82.1502125 47.2007759 209364885290255616
Sp0529-2002 82.48882540000002 -20.049655 2968530216441919488
Sp0530+1503 82.62294449999997 15.0601578 3390022703255507328
Sp0530+6253 82.5525417 62.8902889 287169175632572928
Sp0531+0215 82.86510720000003 2.2637921000000003 3223589696879068416
Sp0532+0418 83.2379526 4.3130975 3236465703888892032
Sp0532-8157 83.0310815 -81.9602958 4621347706273795584
Sp0533+0323 83.385032 3.3881897000000003 3224368700870633856
Sp0533+3740 83.3189795 37.6742066 190314025273114752
Sp0533+5054 83.47369309999998 50.9047852 215350076836032384
Sp0534-1511 83.74351899999998 -15.1955246 2972230554107163264
Sp0535-0931 83.8387525 -9.5184787 3013672487388307456
Sp0537-0816 84.3471777 -8.2684425 3015584160150844416
Sp0539+4038 84.85423979999999 40.6452329 191109281417914880
Sp0539+4712 84.8599184 47.215688 210582521403691520
Sp0539+5253 84.9563542 52.8999444 263696736978069120
Sp0539-0059 84.96668199999998 -0.9837428 3217523558083415040
Sp0539-4708 84.7675009 -47.13502070000001 4795695444025222272
Sp0544+0639 86.2309856 6.6621523 3333278694852547328
Sp0544-1109 86.0770894 -11.1530458 3009506437830715136
Sp0544-1309 86.1638269 -13.160661800000002 2996961766070000768
Sp0544-2433 86.0480911 -24.5506977 2915187925218983296
Sp0551+5511 87.8545231 55.189119700000006 265201384281320448
Sp0552-0002 88.130442 -0.036787900000000005 3218721677865937664
Sp0552-6452 88.1144908 -64.87255640000001 4756028878427600384
Sp0553-7133 88.3603332 -71.56383079999998 4656782698309778432
Sp0555+1608 88.85436750000002 16.144855 3349592221888644352
Sp0555-5402 88.8123696 -54.04779300000001 4767876769050721920
Sp0556+0802 89.03517579999998 8.0437884 3323397147633734016
Sp0556+1546 89.0021548 15.7669051 3348805143361118464
Sp0556-3832 89.19573079999998 -38.5466302 2883680659313632896
Sp0557+0048 89.45275699999998 0.8006911999999999 3314939979068074624
Sp0557+1708 89.3297085 17.1409934 3349802297332186496
Sp0601+1115 90.3339111 11.2553498 3342133409883692800
Sp0602+3910 90.6271444 39.1829407 3457493517036545280
Sp0602-0915 90.7259893 -9.2510378 3005440443830195968
Sp0602-1001 90.5072119 -10.0324012 2999321180586629120
Sp0603-8127 90.9342057 -81.4584324 5207639982316987648
Sp0604+2219 91.174215 22.3247725 3423743487932697472
Sp0604+2906 91.1903217 29.1106307 3437445537412996480
Sp0604+3322 91.0963529 33.3743844 3450819618893754240
Sp0605-2342 91.2581251 -23.7074695 2913249451860183168
Sp0607+2429 91.9123904 24.4991161 3426333598021539840
Sp0607+4550 91.9253592 45.8452651 963292964707774080
Sp0608+1041 92.0940419 10.6967398 3330163748346394368
Sp0609-3739 92.4168238 -37.65824620000001 2884660122311937536
Sp0610-3346 92.6882503 -33.7728929 2886691573123995520
Sp0611+3325 92.9826922 33.4273118 3452063166545021824
Sp0611+6818 92.7640802 68.3092292 1105505379196318080
Sp0611-5109 92.8643953 -51.153735 5549762268067194112
Sp0614+3833 93.6238517 38.5615297 956200977271782144
Sp0614+4536 93.720066 45.6154407 962577285717437952
Sp0614-2019 93.549918 -20.3217899 2941124270643891072
Sp0615-0100 93.9556458 -1.011572 3121200807575320448
Sp0616+4946 94.1960733 49.7700006 970866499583941120
Sp0616+5729 94.1547588 57.4957882 998487713438184832
Sp0616-4557 94.022085 -45.9522473 5567054149998654848
Sp0619-5249 94.8978269 -52.8268765 5500909385897323264
Sp0621+1555 95.454762 15.9277427 3369132776897491712
Sp0622-1548 95.6449812 -15.807240300000002 2944930573740707456
Sp0622-2211 95.5795542 -22.1955559 2936906161789886208
Sp0623+2631 95.8214235 26.525503600000004 3432218798435750016
Sp0623+5137 95.9694772 51.6173019 971347127898766848
Sp0623-6838 95.8161496 -68.63850240000001 5279817796789375616
Sp0624+2815 96.0889802 28.2515137 3433594669734887424
Sp0624+6626 96.1763034 66.44197539999999 1104317391237838464
Sp0624-4521 96.1913708 -45.3652025 5556620540565785600
Sp0625-1034 96.2968159 -10.5802718 3001340395034929152
Sp0626+0041 96.6234708 0.6886808000000001 3120389196196563200
Sp0626+3454 96.7162225 34.9094413 942457013204227584
Sp0627+5651 96.9092777 56.8612417 998219810558747904
Sp0630-1840 97.5061606 -18.6707849 2940211607277084672
Sp0630-7643 97.69525 -76.71932220000002 5260451999700465536
Sp0632+8305 98.0262431 83.083685 1143789235905336576
Sp0632-1009 98.037181 -10.1575608 3002163349423052544
Sp0632-5010 98.0998727 -50.1763794 5550802234268442496
Sp0634+2413 98.6637582 24.2313232 3382740882560780928
Sp0635-0403 98.874375 -4.0551083 3104733181410232576
Sp0640-2352 100.1050425 -23.8720662 2923887295576778496
Sp0641-4322 100.3270973 -43.3756919 5557113083119380224
Sp0642-6707 100.6178398 -67.1221575 5280389615847484416
Sp0643+1631 100.807797 16.528599 3357958852543597056
Sp0643-0223 100.9029086 -2.3869863 3106548406384807680
Sp0643-1843 100.8203058 -18.7270475 2945455521833759744
Sp0644+7206 101.1247717 72.11435859999997 1113083282052337792
Sp0644-2841 101.0601932 -28.69493030000001 2918659736262929024
Sp0644-8422 101.1479259 -84.38142540000003 5193899140691016960
Sp0646-2150 101.6711155 -21.8378051 2926033267402660224
Sp0648-6537 102.1813938 -65.6226779 5285057661182230528
Sp0652+4710 103.127759 47.1763705 954697944875755136
Sp0652-1614 103.2295191 -16.238649 2946390896983338112
Sp0652-2534 103.0822361 -25.580685 2920995300823950720
Sp0655+8318 103.992253 83.304208 1149624107892024448
Sp0656+2211 104.0368867 22.1939326 3379956708664289280
Sp0656+6841 104.0401255 68.6839254 1103299758870807936
Sp0659+1717 104.9937788 17.287722 3361210791323909504
Sp0659+1920 104.8703035 19.3488495 3365063724883180288
Sp0700+3157 105.1530571 31.9570844 890663968222557440
Sp0702-6102 105.70941670000002 -61.04672220000001 5479255432103480320
Sp0703+0711 105.76369440000002 7.1835745 3153877399801800576
Sp0703+4632 105.8622839 46.53799 977653372545774336
Sp0703-2748 105.8523658 -27.802675399999995 5610424179998567680
Sp0703-3216 105.85044109999998 -32.267205600000004 5604064845263049344
Sp0703-6134 105.909473 -61.5709329 5287064510419675776
Sp0704+0258 106.1960835 2.9705676 3116021729853781376
Sp0704+3038 106.0247903 30.6450235 888240090541738624
Sp0705+4742 106.3218183 47.714662 977817513311105664
Sp0706+2234 106.5899596 22.5833124 3368207228624546816
Sp0706+3858 106.6189368 38.97357150000001 947463811200288512
Sp0707-2742 106.92953090000002 -27.7128659 5609768282659317376
Sp0707-4900 106.9719759 -49.0139736 5508545421138819968
Sp0710-7431 107.7223187 -74.5186475 5262552028253813504
Sp0711+4329 107.7974167 43.4997222 950075494911661568
Sp0711-3001 107.808651 -30.02101 5606193224898464128
Sp0711-3824 107.7545394 -38.4129851 5565156633450986752
Sp0713+4732 108.356822 47.5479523 977910937439738240
Sp0714+3702 108.5163288 37.0461181 898275195732381440
Sp0715-1145 108.96620459999998 -11.757999 3045251148530763392
Sp0715-6544 108.988444 -65.744652 5281455523646946048
Sp0716-0630 109.1995994 -6.5102619000000015 3058039362114874496
Sp0717-1004 109.4277367 -10.080671 3047206526892169728
Sp0719-5051 109.8833012 -50.8614144 5504230937511573504
Sp0720-0846 110.01354170000002 -8.780302800000001 3048443305671969152
Sp0721+1937 110.4427212 19.6289974 3362890608868094208
Sp0721+3714 110.35524440000002 37.2349515 898152604479525504
Sp0721-3105 110.4800428 -31.087531 5604989328392927232
Sp0722+0243 110.5060646 2.7317743 3136033356873855488
Sp0723+5727 110.8111639 57.45218620000001 989476558517917952
Sp0723-1439 110.9666696 -14.6627015 3031622942429594752
Sp0723-1616 110.7559338 -16.272373 3028064269960442624
Sp0723-3309 110.96939640000002 -33.16238189999999 5592471388502461184
Sp0723-8015 110.98963729999998 -80.25501059999998 5207997014358306816
Sp0726+6302 111.7158592 63.0352644 1089040261285612800
Sp0729+7554 112.3280869 75.9008314 1136496317013163392
Sp0729-2608 112.4126713 -26.1494306 5613310741626546688
Sp0729-4258 112.3523694 -42.9711813 5512300532524769280
Sp0730+1553 112.7040945 15.8866782 3168525815256214784
Sp0730-0339 112.6266388 -3.6593331 3060426058267356928
Sp0731+0249 112.872899 2.8190179 3136232952593850496
Sp0732+3427 113.0774703 34.4504407 893653883934749824
Sp0732+5755 113.0072751 57.9288514 989380492985184768
Sp0733-2010 113.4092271 -20.1829395 5716282646967277184
Sp0734-4330 113.5370227 -43.5071328 5535283658436274944
Sp0735+6137 113.7532069 61.63205110000001 1086480151539160960
Sp0737+2313 114.27699950000002 23.2243675 867302197990617600
Sp0737-2526 114.4536226 -25.43654960000001 5614156231711665920
Sp0739-4926 114.7836948 -49.4481473 5494175873610005376
Sp0740+1502 115.0005834 15.033601999999998 3165545588990827264
Sp0740-1724 115.0809536 -17.412753100000003 5717278911884264576
Sp0741+0531 115.491013 5.5324528 3138513408427398016
Sp0741+1738 115.278247 17.6457904 671143035762692352
Sp0741-0359 115.2668342 -3.9971388 3057492217642259200
Sp0741-0706 115.4946883 -7.1047466 3043684378825475968
Sp0743-2836 115.9411986 -28.6076261 5599886975960760704
Sp0745-4815 116.3723397 -48.2582084 5518349869403884928
Sp0746+2000 116.6770493 20.0089355 672055699133504768
Sp0748+0228 117.0494299 2.4720403 3088582283305871232
Sp0750+6131 117.6910267 61.5221512 1087773413437321216
Sp0751-2530 117.81790420000002 -25.5119562 5602408602804816768
Sp0752+1612 118.0995833 16.2043639 666988221840703232
Sp0753+0854 118.470118 8.900644999999997 3145665903366297472
Sp0754+1603 118.5222691 16.0545929 666802644893645440
Sp0755-2404 118.8644041 -24.0771776 5698599996038907520
Sp0757-3635 119.4509983 -36.5862569 5545089511154751104
Sp0758-1252 119.6294732 -12.8701029 3036005939371283584
Sp0758-3945 119.63537279999998 -39.7588501 5537753986185229440
Sp0759+0323 119.8728216 3.3990005 3094326750525827328
Sp0800+5511 120.1149184 55.1929213 1080925998616880768
Sp0801+5624 120.3379788 56.4011159 1081127557137725696
Sp0802+0319 120.5860138 3.3287614000000003 3094290019967631360
Sp0803+0827 120.9362178 8.4500041 3146187071877364992
Sp0804+0151 121.0512341 1.8574513 3084885759576678528
Sp0804+0330 121.0595549 3.5131712 3094203051171389824
Sp0804+6153 121.0238794 61.8924634 1085037832803001344
Sp0805+0417 121.4880827 4.284332 3094447525008511488
Sp0805+4812 121.381705 48.2091393 933054951834436352
Sp0805-0835 121.4748186 -8.5839715 3039533477615075456
Sp0805-3158 121.2957413 -31.9698512 5595785866305529216
Sp0806-2839 121.6104506 -28.6563485 5597587141239788672
Sp0807+3213 121.8583254 32.2194641 901941452829250560
Sp0807-3056 121.8719037 -30.942567600000004 5595984980999231616
Sp0808+3157 122.0078596 31.951414 901922932930351872
Sp0809-3720 122.4191424 -37.3338978 5541111516746730752
Sp0810+0324 122.6808682 3.4035559 3091512065183574272
Sp0810+1420 122.7443608 14.3441054 653799751664331520
Sp0810-4115 122.5741354 -41.2625411 5533697234964804096
Sp0811+1855 122.793212 18.9244693 669399515262792320
Sp0811-3324 122.9834828 -33.4099077 5547451060267538304
Sp0812-2444 123.13221029999998 -24.7451313 5697787766170389888
Sp0813-5232 123.3310191 -52.534163 5320834841834013568
Sp0814-3602 123.72411 -36.0470492 5541664742899490176
Sp0815-0843 123.9517759 -8.7326203 3062563886824652800
Sp0818+2333 124.741627 23.5643307 677439114220735616
Sp0819+1658 124.9416733 16.981603699999994 656167618671591424
Sp0819-0450 124.9313057 -4.8353331 3066152486619261056
Sp0819-0511 124.98665 -5.193629799999999 3065948797794468352
Sp0819-1345 124.7688882 -13.7606194 5723469746454887936
Sp0821+4532 125.4578995 45.5336673 930068265936597632
Sp0823+1034 125.9362549 10.5811025 600976189407617920
Sp0823+2428 125.9506712 24.4827074 679088656539598592
Sp0823+6125 125.7825132 61.422376 1089980859123284864
Sp0825+2115 126.331578 21.2643237 664214600677732864
Sp0825-2021 126.3880866 -20.3506267 5706507649294127104
Sp0826-3040 126.5421007 -30.6720001 5643514699699713920
Sp0827+4502 126.83392990000002 45.0343595 917948826005206656
Sp0827-5216 126.7524495 -52.2743052 5321416174249027584
Sp0828+2853 127.0823333 28.8858417 707330299894328448
Sp0828-1309 127.142313 -13.1555117 5723739672264914176
Sp0828-1506 127.1422612 -15.1146384 5722292856694743424
Sp0829+1456 127.2776276 14.9394568 651750158907764224
Sp0829+2646 127.4550608 26.7760075 703790044252850688
Sp0829-0238 127.3852518 -2.6485051 3072877335956146944
Sp0830+0947 127.6356783 9.787621 599891555546067072
Sp0830-0050 127.57292350000002 -0.8426651 3076592967999683200
Sp0831+1025 127.9832801 10.428268199999998 600076960693274496
Sp0831-2535 127.9055227 -25.588600600000003 5695386260975296256
Sp0832-0128 128.0188274 -1.4766771 3073123351683582720
Sp0832-0134 128.1270126 -1.5773738000000002 3073118648694573312
Sp0833+3706 128.26252490000002 37.1023 910087150363664000
Sp0833-5217 128.49758880000002 -52.2901803 5321275024453205632
Sp0833-5336 128.42922040000002 -53.6114546 5321049521489667328
Sp0835+1029 128.8486043 10.4922459 601522985987464576
Sp0835-0819 128.92719350000002 -8.3231637 5753687109122994048
Sp0836-3250 129.1075598 -32.841737 5639822062919251328
Sp0838-5856 129.5087987 -58.9328887 5302788969813884160
Sp0840+1824 130.1234773 18.4024241 659464504288593536
Sp0840+4827 130.2045856 48.4611995 1014865626328245888
Sp0840+5911 130.224771 59.184505 1040681747033185152
Sp0841+3611 130.2826029 36.1920448 717602487277224320
Sp0841+5929 130.3327828 59.4973458 1040827088726734976
Sp0843+1024 130.8884833 10.4130985 598390790892369920
Sp0844+0434 131.0146278 4.5765549000000005 582212198844172928
Sp0844-2924 131.0587798 -29.4034562 5642349874502561024
Sp0847-1532 131.8697787 -15.543715900000002 5733429157137237760
Sp0848-2019 132.07884620000002 -20.3197122 5704261999871958656
Sp0848-5656 132.2395415 -56.93385 5304517397788265216
Sp0848-7853 132.14320949999998 -78.8975994 5209118447500280832
Sp0849+0220 132.2521553 2.3376697 577960765337401856
Sp0850+3126 132.7104399 31.4416845 706729107552444672
Sp0850-0318 132.53800139999998 -3.3084751000000003 5762038930728469888
Sp0850-1924 132.50729170000002 -19.4051139 5704751243890719360
Sp0850-5227 132.7283297 -52.454463 5318399114355534592
Sp0851+7727 132.8945751 77.4550687 1125848440251239424
Sp0852+2540 133.1026667 25.68305830000001 690896346270130304
Sp0853-0329 133.40066570000002 -3.4922782 5761985432616501376
Sp0853-2446 133.48506840000002 -24.7823436 5652718166073269888
Sp0854-0805 133.5514559 -8.083397999999999 5756746775106229120
Sp0855-2512 133.9631229 -25.209857100000004 5652642883884415488
Sp0857+5708 134.4921911 57.1476333 1037131492704550656
Sp0858+0758 134.6450811 7.9821149999999985 585008772310106496
Sp0859+1145 134.9179132 11.7590473 604031766579902976
Sp0859+6341 134.9100813 63.6931719 1044279864474742272
Sp0900+2150 135.0979406 21.834694 685103912857072640
Sp0901-6940 135.4746376 -69.67460200000001 5222467957473239552
Sp0902+0033 135.52879319999997 0.5553993 576506489410890752
Sp0902+6939 135.5705508 69.6660105 1117840314812941312
Sp0903+0540 135.8373333 5.6705694000000015 583370740503160704
Sp0905+5623 136.4439767 56.3866076 1036463161434497152
Sp0906-0611 136.5492961 -6.1943872 5756707978666319744
Sp0906-3332 136.6043601 -33.5337884 5627865354993448960
Sp0906-3449 136.6179494 -34.8238029 5624353446139278848
Sp0906-3548 136.6756467 -35.8060076 5624087604843625472
Sp0907-4308 136.83344309999998 -43.1465815 5427222624865580288
Sp0908+0836 137.0190476 8.6127696 590376897314063744
Sp0908+1459 137.1548363 14.9867263 607139879792423680
Sp0908+5032 137.1573544 50.53561610000001 1016186483389930752
Sp0909+1940 137.45081159999998 19.6786268 636342839906737792
Sp0911+7401 137.8018695 74.01892590000001 1123855296251645824
Sp0912+2425 138.188748 24.4301966 687715630930635776
Sp0913-0733 138.2684428 -7.5512755999999985 5745767739185914240
Sp0914-6514 138.56190949999998 -65.2455422 5248689458672718080
Sp0916+2139 139.06245959999998 21.6641961 638510247908168576
Sp0916-1121 139.237891 -11.3500558 5739240415392701440
Sp0919+0016 139.92778180000002 0.2680236 3842388385654733568
Sp0919+2154 139.83409709999998 21.908853 638558836873447040
Sp0921+6017 140.3562487 60.2964365 1039003544395162752
Sp0921-2104 140.3088585 -21.0790062 5676353096222033792
Sp0922-0852 140.5703436 -8.8696199 5744451451968477952
Sp0922-8010 140.5819612 -80.1777518 5196015013380778624
Sp0923+2340 140.785875 23.6708389 639385871482578560
Sp0923-2300 140.76233330000005 -23.01140280000001 5674971525503692160
Sp0923-2727 140.87634719999997 -27.455777500000003 5637175400984142336
Sp0924-6655 141.05481540000005 -66.9250681 5247231368807380224
Sp0925+1704 141.39501059999995 17.078214499999998 631456507154111616
Sp0925+3007 141.47825669999997 30.132480800000003 697274883805771776
Sp0926+5309 141.550145 53.1608638 1019903176290266880
Sp0928+4230 142.1060355 42.5150921 814482174787733248
Sp0931+0528 142.8676368 5.4728644 3852362605385919616
Sp0931+2802 142.80496499999995 28.0412537 696088343256278272
Sp0931+3638 142.8583584 36.6392989 799110692993962368
Sp0931-1717 142.8429276 -17.2950902 5682008056323530368
Sp0932+2659 143.201125 26.9956389 646255246469093248
Sp0933-1602 143.45713480000003 -16.0484269 5688160373636499840
Sp0933-4353_1 143.3542654 -43.8939679 5424690587034891264
Sp0933-4353_2 143.3590158 -43.893467 5424690587034982144
Sp0936-2609 144.2318991 -26.1617521 5661194163772723072
Sp0936-3346 144.2284267 -33.7725689 5437808478004461056
Sp0938-2748 144.66742030000003 -27.8051267 5657734928392398976
Sp0939+2935 144.8468649 29.7241988 696501553469122304
Sp0939+3950 144.81072450000005 39.8393659 801063150766338048
Sp0941+3315 145.2994307 33.2536173 794031395948224640
Sp0942+2351 145.7380557 23.8554126 641710410860420864
Sp0942-5047 145.6989802 -50.7942291 5408858787836220800
Sp0943-0229 145.93278930000002 -2.4991822 3827116478382551936
Sp0943-3833 145.874675 -38.5655861 5432670704985289088
Sp0944+6537 146.0220539 65.6323884 1065017822005186432
Sp0944-3124 146.0164062 -31.4099751 5440115876171568000
Sp0947+0224 146.9365869 2.4091382 3847024132835801344
Sp0947+3710 146.91022819999995 37.171456 799611795418601728
Sp0947-0020 146.8336304 -0.3359808 3833990796878014720
Sp0949+0806 147.3426364 8.1125303 3853943806185777664
Sp0951-6317 147.7965833 -63.2997417 5249745436512984192
Sp0952-0955 148.0812023 -9.918207699999998 3770802001068945536
Sp0956-1910 149.1909898 -19.173008300000006 5671734597630043776
Sp0956-3811 149.0146605 -38.1948533 5433620854830342272
Sp0956-4234 149.15478059999995 -42.5743869 5418335478542731136
Sp0957+2627 149.2735916 26.4588452 643915176487425920
Sp0958-5344 149.675451 -53.7466259 5404351271207811968
Sp0959+2002 149.98344369999995 20.042677800000003 627074437921562240
Sp1000-0949 150.0531035 -9.8226744 3770393876095976960
Sp1002+2556 150.65442230000005 25.9453586 738963421223127168
Sp1002+6349 150.54803169999997 63.8239373 1065113754394291584
Sp1003-0105 150.82982959999995 -1.085558 3830128624846458752
Sp1004-1318 151.1678923 -13.3052799 3765325471089276288
Sp1004-3335 151.1641362 -33.5886424 5458784415378809728
Sp1005-1202 151.31960980000005 -12.0361363 3766333787676996736
Sp1006-1653 151.6330507 -16.890641600000002 5673602319993218560
Sp1009+3324 152.2832083 33.4122361 747077125546456192
Sp1011+2019 152.91455480000005 20.3174472 625400392813472000
Sp1011+4245 152.7507784 42.750937 808448501651533312
Sp1012-3049 153.026923 -30.8239838 5461814875584141056
Sp1013+3520 153.3665257 35.3481592 753347537280600832
Sp1013-7842 153.3584522 -78.715316 5202336655483914624
Sp1016+2751 154.1443543 27.8635625 740931340878555904
Sp1017+0719 154.3616502 7.3238595 3873864513044635648
Sp1018-2909 154.7446697 -29.1649037 5462412288353490944
Sp1019+7419 154.88336040000004 74.3308703 1126534535505719040
Sp1019-2707 154.851501 -27.121410600000004 5471876437768940416
Sp1021+5055 155.3631035 50.9178884 847228998317017472
Sp1021-2044 155.3845507 -20.7353017 5668026421651069184
Sp1022+0200 155.5203731 2.01328 3856498658891737728
Sp1022+4114 155.5618008 41.2406971 804745827527463808
Sp1022+5825 155.6977494 58.4292765 1047188004010109440
Sp1025+0512 156.3602132 5.2108351 3860610076465867520
Sp1029+1626 157.34049230000005 16.4477467 3889368043607829376
Sp1029+2546 157.4404252 25.768045800000003 727468508191245568
Sp1031-5338 157.883553 -53.6336161 5357078043648622976
Sp1032+0501 158.07111919999997 5.017532 3858864567396887936
Sp1032+4027 158.193492 40.46634870000001 756294988652473216
Sp1032-4208 158.05715159999997 -42.1491525 5392287051645815168
Sp1032-5255 158.16808590000005 -52.9183264 5357217647259627648
Sp1033+1303 158.3194085 13.0622936 3883961293962619776
Sp1035+2507 158.8520794 25.1290498 724407502179323392
Sp1035-2058 158.8344634 -20.9773094 5475243898288297088
Sp1035-4816 158.8791657 -48.2795224 5364671030411595904
Sp1036+1923 159.0363748 19.3918484 3987041475434695936
Sp1036-3441 159.2210465 -34.6939952 5444217638657849856
Sp1036-4437 159.2076872 -44.6234913 5366988835279331712
Sp1037+3011 159.36975800000005 30.1863302 735453264711448064
Sp1039+1512 159.9474529 15.214434900000002 3886142248290633344
Sp1039-0121 159.8849883 -1.3538098 3805863193495442560
Sp1042-0323 160.5698832 -3.3944289 3778200992769095808
Sp1042-2416 160.6723574 -24.267806 5471345889049823744
Sp1043-0912 160.7622083 -9.2114167 3762231926405726720
Sp1044-6112 161.08686699999996 -61.2097954 5254061535097566848
Sp1045-0149 161.3499229 -1.8327129 3802665122192531712
Sp1045-2607 161.32145380000003 -26.1236447 5469802724480366848
Sp1046+4441 161.5779679 44.6874422 781364918917080192
Sp1046-1602 161.7369032 -16.034331299999998 3557260144122276608
Sp1046-5658 161.7185506 -56.9757333 5351297052033256064
Sp1047+7613 161.9218245 76.21713709999999 1128248124378601472
Sp1047-1815 161.8793328 -18.2659587 3555963059703156224
Sp1048+0111 162.1783949 1.199506 3808159454810609280
Sp1048-1120 162.05260900000005 -11.3360026 3757613049856225792
Sp1048-1925 162.07804099999996 -19.425963 3554140967072258304
Sp1048-3956 162.0591783 -39.9352344 5393446658454453632
Sp1048-5254 162.11544630000003 -52.905036 5353652721316104832
Sp1049-5319 162.314875 -53.3183611 5353626573555863424
Sp1050+4907 162.633489 49.128342 832562475274342528
Sp1050-4517 162.65706780000005 -45.2836215 5387738200239483136
Sp1051+5613 162.8283554 56.219076 851053031037729408
Sp1051-4841 162.9044428 -48.6977911 5362775747244035968
Sp1054-3445 163.608033 -34.7582821 5449420287163389184
Sp1054-5431 163.61568799999995 -54.5256693 5353308264949689728
Sp1055+0808 163.9472456 8.1452591 3865934633321490048
Sp1055-7356 163.8156192 -73.9358376 5225863906515477376
Sp1056+0700 164.12079169999996 7.0144444 3864972728150826368
Sp1058-1548 164.6992733 -15.8047929 3562717226488303360
Sp1059-2113 164.96430769999995 -21.2190511 3549886711771965184
Sp1100+4957 165.0398217 49.9629949 833043374172123520
Sp1101+6508 165.371569 65.1450814 1055924070568324608
Sp1104+1959 166.0053388 19.989363 3985153334796556928
Sp1104-6412 166.2474875 -64.203028 5240416767548126720
Sp1105+4331 166.37160659999995 43.5216374 778947608243864320
Sp1106+0428 166.5790552 4.4757408 3815413929451499904
Sp1106+5259 166.5976556 52.9921826 842565209292919424
Sp1108+1545 167.132671 15.7643261 3969552570469131648
Sp1112-1502 168.09520039999995 -15.0463089 3563051542448090368
Sp1114+4516 168.5081879 45.2685241 785138236666164352
Sp1115+2902 168.8246667 29.034736100000003 3999071056060011648
Sp1115-2429 168.8737868 -24.4930073 3537580256079443968
Sp1115-6731 168.9635053 -67.5258718 5235273458327588224
Sp1119+0820 169.9436337 8.3432767 3818676249170081408
Sp1119+4641 169.8781499 46.6953156 788357434913891712
Sp1121-1313 170.4548283 -13.2190913 3562157781229213312
Sp1122+0343 170.5356574 3.7220573 3812678894277121920
Sp1122+3755 170.6785184 37.93010200000001 763973668623022464
Sp1122-1431 170.6250249 -14.5172521 3561445881810794368
Sp1122-3916 170.6510707 -39.2682052 5395939835428619776
Sp1122-6533 170.6865185 -65.55449540000001 5237048997789472256
Sp1123-0509 170.8318506 -5.1513304 3786550031235785344
Sp1124+3808 171.02050780000005 38.13484129999999 764072693389251456
Sp1124-4213 171.1626117 -42.2198429 5383082833650178816
Sp1126-2706 171.65486140000004 -27.1130432 3533077004345702656
Sp1127+6346 171.816031 63.7769881 863965764313485184
Sp1128+0141 172.02925 1.6916806 3798684825675497472
Sp1128-1715 172.0091269 -17.2580879 3548015725233042816
Sp1130+4848 172.5267121 48.8064467 789148567894210560
Sp1130-5759 172.5421585 -57.9949819 5336733745639778944
Sp1131-6446 172.8718322 -64.7675902 5237375312240964480
Sp1133+1039 173.3340274 10.6581845 3916235366147580288
Sp1134+0022 173.728895 0.3817005 3797370909280252160
Sp1134-0224 173.6229927 -2.405045 3793379505977547008
Sp1136-0755 174.17070959999995 -7.919998599999999 3592116483788799744
Sp1138-1432 174.57429409999997 -14.5462771 3572850772328371584
Sp1138-2842 174.71081840000005 -28.708487800000004 3483753359401247104
Sp1139-0310 174.9246284 -3.1678054 3792303255892637184
Sp1141-2232 175.43347580000002 -22.5375031 3540491079971287552
Sp1143+0413 175.9640487 4.2239115 3896799367823015936
Sp1144+6043 176.02108330000004 60.730025 859631970514260992
Sp1144-4302 176.10320380000005 -43.0481813 5379241586700315904
Sp1145-2021 176.397533 -20.3513627 3542490095189650560
Sp1146+3431 176.5375394 34.5273826 4031116292386738304
Sp1147-5424 176.84170830000005 -54.41105400000001 5344443383724940416
Sp1148-2544 177.22616169999995 -25.744592 3490715741903588992
Sp1149-4012 177.4563667 -40.2120651 5381471151464274816
Sp1150-2850 177.6578479 -28.836981899999994 3480933043353667328
Sp1150-3139 177.50957169999995 -31.6589754 3479243059623564160
Sp1152+2438 178.177334 24.6355302 4004600401251919488
Sp1152+7412 178.0857689 74.21467120000001 1076066122862026752
Sp1153+0659 178.4694894 6.9989606 3899128064731508736
Sp1154+0135 178.6416988 1.5984553 3892263435682383488
Sp1155+0559 178.9745417 5.9991860999999975 3898232100192623872
Sp1155-2224 178.9284157 -22.4163315 3493736924979792768
Sp1155-3727 178.9147817 -37.4598628 3460806448649173504
Sp1157-4844 179.45023930000005 -48.7452347 5371170445500507904
Sp1158+1354 179.6034634 13.912785199999998 3920340594673228928
Sp1158+3953 179.639375 39.8850111 4034979289052712320
Sp1158-1900 179.7476114 -19.0118259 3566923923617986560
Sp1158-2545 179.51118 -25.7602562 3487823991963915264
Sp1159+0057 179.9103697 0.9574153 3891237587037953152
Sp1159+2105 179.9960064 21.0841235 3999645142864600320
Sp1159-5247 179.8609974 -52.7885865 5368479017141170304
Sp1200+2048 180.1370566 20.8142736 3999432971480096640
Sp1201+3248 180.2822014 32.806909000000005 4027153579466009856
Sp1201+4046 180.3897199 40.7796109 4035123015837707136
Sp1201-1213 180.4206512 -12.2300602 3574523576191075328
Sp1201-2737 180.4251767 -27.6295257 3486653767994941952
Sp1201-2932 180.476704 -29.546938399999995 3473814014803013248
Sp1202+4204 180.7082499 42.08140170000001 1537202850034988288
Sp1202-0629 180.6068909 -6.4840864 3595706561051608832
Sp1203+0015 180.9922191 0.2639191 3698979462002285824
Sp1204+3212 181.1265527 32.2165329 4026880286402654720
Sp1205-2758 181.4357637 -27.97459000000001 3486407404374331136
Sp1206-3937 181.7087947 -39.6239234 3459368076986593408
Sp1206-4017 181.5983001 -40.2857965 6149473568131829504
Sp1207+7521 181.8398827 75.36145909999998 1692591738851696384
Sp1207+7617 181.8432379 76.29357399999998 1692759143791984768
Sp1207-3932 181.8894583 -39.5483333 3459372646830687104
Sp1209+0542 182.34515080000003 5.7015848 3895344748299943296
Sp1210+1100 182.59618490000003 11.0125976 3906750635249348736
Sp1211+0406 182.875623 4.1027174 3893817767165654400
Sp1211-1304 182.9522902 -13.0794987 3571216966767301888
Sp1213+3900 183.346375 39.0144694 1532756248918039168
Sp1213-0432 183.263923 -4.5454828 3597096309389074816
Sp1215+0050 183.9728769 0.8471716 3698568141572462336
Sp1216+5709 184.0508071 57.1576781 1575312266651094656
Sp1217+0035 184.3722782 0.5924009 3698498322584980992
Sp1218-0550 184.7481488 -5.8411894 3584671759275839872
Sp1220+3315 185.0486265 33.2603984 4016348232027455104
Sp1221+0257 185.3654705 2.9554921000000003 3701479918946381184
Sp1221+0857 185.2649583 8.9558528 3902307264331682944
Sp1221-4548 185.4542261 -45.8116823 6131567952556034304
Sp1223-0858 185.9669766 -8.9787505 3582675080520660992
Sp1223-2757 185.9834033 -27.9629161 3474993275382942208
Sp1224-1238 186.2174089 -12.6432523 3576327737332306688
Sp1225-1402 186.4503297 -14.0460942 3527860199628089600
Sp1228-2415 187.1008663 -24.26654030000001 3500860141124528384
Sp1229+0752 187.4387777 7.877164599999999 3901165013100805248
Sp1232+2528 188.0997027 25.4738772 3960456315067417600
Sp1232-0951 188.076125 -9.8638944 3579412034951072000
Sp1232-6856 188.0722861 -68.933527 5856405272135505024
Sp1233-5020 188.2522577 -50.3348971 6127211412606464640
Sp1235+1318 188.8220833 13.3018611 3931880587682051968
Sp1237+2107 189.2512875 21.129026100000004 3949356985702527360
Sp1239+0410 189.9447083 4.1797778 3707083515533601280
Sp1239+5515 189.863625 55.2602806 1571294616803850880
Sp1239-2658 189.9015118 -26.969712 3496355755520065408
Sp1239-7304 189.9213554 -73.0780064 5841837425942435712
Sp1241-3152 190.47983280000003 -31.883219300000004 6160649004315403264
Sp1245-5721 191.3200945 -57.3596585 6060965630906108672
Sp1246+0706 191.5392483 7.1069183 3709637096929192960
Sp1246+3148 191.7144551 31.8030276 1513479649714919936
Sp1246+4027 191.6950966 40.454165 1521895105554830720
Sp1246-3139 191.623562 -31.6579144 6160573275451466752
Sp1247+3857 191.9087611 38.9635193 1520922656239575168
Sp1249+5255 192.4144433 52.9260302 1569931222385549056
Sp1249-2617 192.3754469 -26.2997003 3495906501938285312
Sp1250-0149 192.5278472 -1.8226508 3682760325461046912
Sp1250-2121 192.7195204 -21.3537797 3502592975744957824
Sp1251+4620 192.9073389 46.3408188 1531017719173383296
Sp1251-3846 192.8816666 -38.7701247 6152709705729644160
Sp1252+0252 193.0943333 2.8683056 3702983196155254016
Sp1252-3149 193.085256 -31.8246828 6159726548418451968
Sp1253+4034 193.3021078 40.5674122 1527127269076696064
Sp1253-5709 193.2899933 -57.156903 6060561079334177664
Sp1254-0122 193.7245996 -1.3798332 3688766613886655744
Sp1255-5928 193.8006939 -59.4714207 6056881391901174528
Sp1256-1257 194.0089583 -12.9558528 3526198184723289472
Sp1256-3822 194.23354630000003 -38.3740883 6154179404881995392
Sp1259-4336 194.7716813 -43.6067842 6135947032490329472
Sp1300+1912 195.1769102 19.2096112 3941342198772052352
Sp1300+3038 195.0307351 30.6490747 1464745617881550208
Sp1301-1510 195.477759 -15.172887300000005 3524663541367962624
Sp1304+8336 196.0959834 83.60507940000002 1726071421240839808
Sp1305+1934 196.4026974 19.5824491 3941419679982061824
Sp1305+2046 196.4210878 20.777628 3943239882828182784
Sp1306+3820 196.5718175 38.3415969 1522768049067813504
Sp1307-5726 196.9357 -57.4483843 6063336349785593472
Sp1308+0725 197.1044888 7.4308731 3730679138144442496
Sp1308+5239 197.2095081 52.6544876 1557856351329738752
Sp1309-2330 197.3410781 -23.5099329 3504014060164255104
Sp1309-5438 197.4658167 -54.6467388 6067637295632046464
Sp1311+3629 197.9255313 36.4899686 1474322432877236480
Sp1311+4328 197.9226424 43.4680845 1526524977222751104
Sp1312+1731 198.080875 17.517525 3937212119568556416
Sp1312-5750 198.1237322 -57.8342158 6063084218010732416
Sp1314+6622 198.5967896 66.3757677 1678489647527832320
Sp1314-3212 198.5070833 -32.2138972 6179977177484967424
Sp1315+3232 198.8293426 32.5341755 1466650487416101504
Sp1315-2649 198.8782267 -26.831068100000003 6186534394250282752
Sp1317+1849 199.2979583 18.8231222 3938910830669894016
Sp1317+4833 199.377749 48.55952429999999 1556005701461744768
Sp1318+7322 199.5542834 73.37054429999998 1688578285187648128
Sp1319+2053 199.990174 20.8879755 3940329273683912448
Sp1320+0409 200.1845224 4.1512759 3715937882671184128
Sp1320+0957 200.1733534 9.9640709 3732207661169873792
Sp1320+4238 200.1286445 42.637218 1525546995989465344
Sp1320-3916 200.0507753 -39.2758605 6138329227510027776
Sp1321-0724 200.3719485 -7.410036099999999 3631336299774144512
Sp1322+3902 200.5807728 39.043918100000006 1476452702297817728
Sp1323+3014 200.9665682 30.242721000000003 1462421490816513280
Sp1325+0517 201.2962174 5.2845309999999985 3716508254328262528
Sp1326-2729 201.5837083 -27.49361110000001 6189238677458229632
Sp1326-3614 201.5701379 -36.24303079999999 6166055474788409088
Sp1327+0149 201.8789516 1.8273247 3711482627195848576
Sp1327-3549 201.9613148 -35.8215056 6166184667404110464
Sp1329-4147 202.2545387 -41.78709179999999 6136908241874304640
Sp1330+1958 202.6539315 19.971881600000003 1441204932194846848
Sp1330+3526 202.5745741 35.4455658 1470418960441678080
Sp1330-0453 202.5096494 -4.8890072999999985 3632151106610215296
Sp1331+3407 202.8876204 34.1328379 1470080890679613696
Sp1331-0116 202.9539167 -1.2805556 3638566658174118144
Sp1331-6513 202.913938 -65.2182206 5864005027836957952
Sp1332+0525 203.2203028 5.4237572 3717862474696681216
Sp1332+1542 203.0978618 15.7053098 3744966432753803776
Sp1332+4240 203.2011379 42.67433870000001 1501343790124237312
Sp1332-0441 203.10175 -4.6866832999999986 3633670498535888512
Sp1333-0216 203.4390891 -2.2666784 3637567472687103616
Sp1334-6257 203.6156668 -62.959875 5865271012355608704
Sp1336+3743 204.1689007 37.723041 1475531925732254080
Sp1336+4751 204.2105298 47.8589418 1552186307304378880
Sp1337+4938 204.3799667 49.6435198 1558581651047392512
Sp1338+4140 204.6086551 41.67598320000001 1500998715270526592
Sp1338-1838 204.6727055 -18.6480992 6293503127445127168
Sp1339-1755 204.8604872 -17.918246300000003 6293616033542703104
Sp1341+0805 205.38721740000003 8.0846868 3724596914697213056
Sp1341+5510 205.4532801 55.179423 1562271818226778624
Sp1343+0825 205.9116583 8.4287429 3724701024704375424
Sp1343-2950 205.9608221 -29.8475886 6175390087989628416
Sp1346+5306 206.6755496 53.1120711 1560938110622485632
Sp1346-1624 206.5003476 -16.410404 6295409272582888960
Sp1346-3149 206.6916007 -31.8237581 6171593062022433920
Sp1348+0353 207.1913096 3.898523 3665777200138942336
Sp1348-0304 207.0042071 -3.0759117 3658091957458756864
Sp1348-4227 207.1021073 -42.4622535 6112093093362734336
Sp1348-5423 207.2429635 -54.38868370000001 6064998845687183232
Sp1350+2650 207.6208333 26.845011100000004 1451435342431352832
Sp1351-5036 207.9658537 -50.6158365 6093403697794258688
Sp1354+0846 208.536529 8.7689585 3722120333475177984
Sp1354+5044 208.6644377 50.74748 1512371548152280960
Sp1356+4342 209.1720179 43.7164399 1502523188143833088
Sp1356-1812 209.0391746 -18.216490300000004 6293977605365279232
Sp1357+0830 209.2552164 8.501698300000001 3721866964764373760
Sp1357-1438 209.3121341 -14.6479851 6301981294100423040
Sp1357-2134 209.4506171 -21.5790995 6288041239007718400
Sp1359-4034 209.9796774 -40.5829209 6111126966247119232
Sp1359-5636 209.8412063 -56.6088542 5872178694156653440
Sp1400+4739 210.1109167 47.6663917 1509560784116529664
Sp1401+4211 210.4194235 42.1855097 1498830684500224000
Sp1401-1220 210.2718741 -12.3439805 3612604950963820160
Sp1402-0630 210.5433114 -6.5012002 3643510371689816064
Sp1403+3007 210.8423426 30.1318438 1454104436971779328
Sp1405+8350 211.3827787 83.8402074 1725759404752580736
Sp1406+3131 211.517961 31.5209816 1454350761936211200
Sp1406-6957 211.55357090000004 -69.9547972 5846206202262355712
Sp1407-0800 64.4083333 8.0002778 3298990772632987264
Sp1407-4436 211.8828679 -44.60270429999999 6097182474447385088
Sp1408-5307 212.1428155 -53.1271994 5896887400457626112
Sp1409-0153 212.4444583 -1.8866889 3647242698270264064
Sp1409-3357 212.2630426 -33.965692700000005 6123776156029125760
Sp1410+4354 212.6639313 43.9018593 1504606109843465472
Sp1410-5001 212.6207781 -50.0332638 6090711887180678912
Sp1411+3936 212.8212641 39.6101098 1485548584035554816
Sp1411-4132 212.9985981 -41.53946120000001 6109949904687424640
Sp1412+1633 213.1020488 16.5532614 1233008320961367296
Sp1412+2354 213.0944757 23.9029881 1254110521784729984
Sp1412-0035 213.0505087 -0.5878719 3659878388975309696
Sp1413-0457 213.4991305 -4.9634851 3644153375538653184
Sp1415+4636 213.8342735 46.6164175 1506081993748884608
Sp1416+1348 214.1003234 13.8072712 1227133699053734528
Sp1418-3538 214.6231992 -35.63497800000001 6119607155827787520
Sp1419+3137 214.9425068 31.619275800000004 1477762323724646272
Sp1421+1827 215.3807256 18.4612496 1239625559894563968
Sp1421-1618 215.3279083 -16.3056764 6297076922485674240
Sp1421-2935 215.3641908 -29.5968946 6221035209409436544
Sp1422+0827 215.7382667 8.4650244 1175807499836742144
Sp1423+1426 215.9323371 14.4475921 1228555023991501184
Sp1423+5146 215.7616852 51.775145 1604901876901703168
Sp1423-0806 215.796127 -8.1146386 6329653390432226304
Sp1424-3514 216.0779308 -35.2424279 6119528334597735296
Sp1425+2540 216.3943995 25.6680604 1256071505067560704
Sp1425+7422 216.2897558 74.3674944 1699999015544763008
Sp1425-3650 216.36629080000003 -36.839792 6118581861234228352
Sp1427+6056 216.7862508 60.94114980000001 1618330448634358400
Sp1428+1356 217.0172682 13.937033499999998 1227705135863076864
Sp1428+3310 217.1798228 33.177568300000004 1287312100751643776
Sp1428+5923 217.1296216 59.3931743 1611997094153823104
Sp1428-0644 217.1294506 -6.7427117 6331354197480725120
Sp1429+4650 217.3783333 46.8411278 1507026306734775424
Sp1429-6240 217.4097464 -62.67949640000001 5853498713160606720
Sp1430+5943 217.65403730000003 59.72357510000001 1618010323247026560
Sp1430-3114 217.735945 -31.2435184 6219675839377104128
Sp1431-2029 217.8984679 -20.4905265 6283092508968850688
Sp1433+2432 218.2874027 24.5350697 1255034459444168704
Sp1434-2335 218.7421821 -23.5993107 6278314581192028928
Sp1435-2333 218.7950551 -23.550711 6278316333538492416
Sp1436+2900 219.0406341 29.009775800000003 1281203935697174016
Sp1436-5721 219.2181878 -57.359289 5891504088488622208
Sp1438+6408 219.5380409 64.1434172 1668664785283445760
Sp1439+1929 219.8681667 19.4872472 1237730036207891072
Sp1443+0316 220.866562 3.2817697 3655776282891553664
Sp1444+3002 221.07150840000003 30.037284000000003 1282632682337912832
Sp1444-2019 221.086125 -20.3227833 6281432379554902656
Sp1445+6447 221.4667595 64.7990331 1668765601051605248
Sp1446+0024 221.5025417 0.4141917000000001 3651567970855417088
Sp1446-3952 221.5958653 -39.8754544 6102215012181315712
Sp1447+5335 221.8577379 53.5837842 1606005198164602752
Sp1447-3158 221.8511913 -31.969206 6217317833616074496
Sp1450+3920 222.7388767 39.3458716 1488484486239825664
Sp1450+5112 222.58582180000005 51.208282200000006 1593484616879083008
Sp1451-3732 222.8088693 -37.5489429 6201617735278201856
Sp1453+1346 223.3241165 13.7822725 1185087343615401600
Sp1453+1420 223.3576716 14.344686800000002 1185329545411155200
Sp1453+3733 223.4518422 37.5546403 1295931997030930432
Sp1454-6604 223.5362613 -66.0798456 5848753805085988352
Sp1455+2619 223.7619885 26.322212100000005 1268904901707162496
Sp1456-2631 224.2370679 -26.524962100000003 6225946418615757696
Sp1456-2747 224.0055886 -27.793532899999995 6225165597853415552
Sp1456-2809 224.159151 -28.1635063 6224387727748521344
Sp1457+4517 224.4147284 45.287991 1586649326754181376
Sp1457+5639 224.47487290000004 56.6567968 1612801833587498240
Sp1458+2839 224.6021446 28.666051 1269789664970320512
Sp1459+0604 224.8307106 6.0815366 1160010708906897152
Sp1500+1927 225.1458861 19.4611701 1212968725113381120
Sp1500+4219 225.1907147 42.3291491 1585284149919387264
Sp1500-0039 225.1097917 -0.65775 6340981796172195584
Sp1501+2250 225.2840972 22.8339224 1262763648230973440
Sp1501-4003 225.4848433 -40.0603745 6197193330555411072
Sp1504-2355 226.0672697 -23.9323844 6227871564690336512
Sp1506+7029 226.6035497 70.4894053 1695191637175416576
Sp1507-1627 226.9486207 -16.461144 6306068659857135232
Sp1507-2000 226.8658333 -20.0119944 6256677841624904320
Sp1508-3445 227.2437769 -34.7601373 6201178377303387648
Sp1509-1932 227.3520854 -19.5349919 6256820090941649920
Sp1509-2853 227.4702512 -28.8883398 6212470288706198656
Sp1510+2818 227.7 -28.3063889 6212595980928732032
Sp1510+3619 227.6231628 36.3299193 1292050583544747264
Sp1510-0241 227.57015780000003 -2.6855696 6336552379219937920
Sp1510-1147 227.59400000000002 -11.7866806 6318569385511199232
Sp1510-2818 227.6994583 -28.304855600000003 6212595980928732032
Sp1512+3403 228.1694649 34.0639194 1290498996544435200
Sp1512-1032 228.1387083 -10.5448472 6318796297223964544
Sp1513-2243 228.4962579 -22.7310221 6228195954979707776
Sp1514+2341 228.585504 23.6846883 1263521143023141248
Sp1514-2254 228.7088798 -22.9097413 6228177916116903808
Sp1515+4847 228.7534583 48.7947389 1589250088360933888
Sp1515-0030 228.9466457 -0.5165723 4418691662982244864
Sp1516+0942 229.1668329 9.7031024 1167422040047624192
Sp1516-2315 229.0506278 -23.2639104 6228107066335759744
Sp1517-5128 229.3752222 -51.4718898 5889892371901470336
Sp1519-3407 229.8504453 -34.130610299999994 6206348792079095040
Sp1519-7416 229.7574412 -74.2704043 5792730526510790144
Sp1520-3559 230.053079 -35.9901714 6199925071490964992
Sp1521+5053 230.2545118 50.8896649 1595520568815311744
Sp1523-2347 230.7772582 -23.7979637 6251104829501200128
Sp1524+2812 231.2409801 28.2103717 1271864477773790848
Sp1524+2925 231.1031275 29.4254282 1272178319624018816
Sp1524+6132 231.2228577 61.5480136 1616382187044841344
Sp1525-5110 231.2982397 -51.1742412 5889783146637607808
Sp1526+2043 231.5583047 20.727899800000007 1213916950812872192
Sp1527-0918 231.76884980000003 -9.3046105 6317869099684480768
Sp1529-2907 232.3083038 -29.1271151 6209827101411960320
Sp1530+0926 232.62635580000003 9.4337315 1165479168642900992
Sp1530-5342 232.588087 -53.7096814 5888509602928271488
Sp1531+1641 232.8060007 16.6912215 1207683608943523712
Sp1534+1219 233.7219527 12.3303904 1193465794018333824
Sp1534-1418 233.7370902 -14.3136812 6265453524968112640
Sp1534-4914 233.54492180000003 -49.2334303 5986422934440315648
Sp1536+2959 234.2342444 29.9920949 1273169013960202368
Sp1537-3954 234.3028559 -39.9027505 6002992162332713856
Sp1539+7437 234.9346278 74.6243025 1697766388465292800
Sp1539-0520 234.9246935 -5.3452124 4400638923299410048
Sp1540+4347 235.09104930000004 43.7880123 1397262748128248704
Sp1540-2613 235.122812 -26.2285975 6234648404610590208
Sp1540-5101 235.1863548 -51.0266584 5985290231327158144
Sp1544+3301 236.2300017 33.0291249 1370790111609798144
Sp1545+4350 236.3765249 43.8481906 1396608607429590912
Sp1545+5214 236.2700945 52.2363614 1596590634148306944
Sp1545-2255 236.4141949 -22.9217111 6240176160661915008
Sp1545-6608 236.337546 -66.1373048 5825416498972480768
Sp1546-5534 236.6728709 -55.5798574 5884382654716110848
Sp1547-1317 236.7854503 -13.288403400000002 6266980643532992384
Sp1547-2423 236.94656290000003 -24.397103 6236753694496012544
Sp1548-1636 237.2429388 -16.6005762 6260966349293260928
Sp1549-3954 237.40410040000003 -39.91630429999999 6008386881753303296
Sp1550+0616 237.5197731 6.2796346 4429874387730820608
Sp1551+5442 237.8857117 54.7002978 1597533701590333440
Sp1551+6457 237.7761944 64.9513179 1641189157936120704
Sp1552-2623 238.185987 -26.3871417 6235533167875990272
Sp1553+1400 238.3326056 14.009406699999998 1192473897093821568
Sp1554+1639 238.5009733 16.6637555 1196423583379532032
Sp1555+0954 238.8604583 9.902525 4455771666134728832
Sp1555-0956 238.815798 -9.935012400000002 4346523537966269824
Sp1557+1752 239.3867217 17.877375100000005 1202578237154220288
Sp1557+5914 239.48087180000005 59.2397774 1626056858576035712
Sp1559-2226 239.9084421 -22.4370036 6243406392685698688
Sp1559-2254 239.9072801 -22.9038462 6237185523394594816
Sp1600+1946 240.1032143 19.7746879 1203375829760178688
Sp1600-3205 240.1606861 -32.0902491 6036456382825238272
Sp1600-4543 240.0762279 -45.7237008 5985229174021530624
Sp1601-3455 240.3203605 -34.9171449 6011124768801217408
Sp1602+0131 240.6735114 1.5328311 4412417304175836544
Sp1602+6242 240.73589480000004 62.70471120000001 1627957673662594176
Sp1602-2401 240.7132083 -24.0306944 6236273895118890112
Sp1602-2803 240.6210218 -28.0594571 6042757958837399808
Sp1602-3455 240.6793111 -34.930955600000004 6011095425583818752
Sp1604+0908 241.1310307 9.1441163 4454769083328936960
Sp1604-3303 241.078907 -33.0530202 6036120928708232448
Sp1605+1931 241.4892321 19.5198554 1203226708493874432
Sp1606+4054 241.6398146 40.9061205 1380293091823646720
Sp1607-0442 241.8801585 -4.7026740999999985 4404521333221783680
Sp1607-1512 241.90888 -15.200747 6250888706747904384
Sp1608+1957 242.1026549 19.9631622 1204754033223498624
Sp1608-0443 242.0074143 -4.7190084 4356483979439228032
Sp1609+2457 242.2674233 24.953118 1303076623589331968
Sp1609-3431 242.4425 -34.5186111 6034989050213738496
Sp1610-0631 242.7434588 -6.5257128 4349305645979265920
Sp1611-3823 242.9958333 -38.39388889999999 5997456224362720896
Sp1613-2313 243.2916667 -23.2308333 6242552931141875968
Sp1614-0250 243.604992 -2.8502104 4405150047715392128
Sp1615+0546 243.9269041 5.777796 4438043930922131072
Sp1615+3558 243.9339487 35.98321170000001 1329942262499164544
Sp1616+0725 244.13175 7.4325 4450376396936878336
Sp1616-5331 244.06444930000004 -53.5282319 5932980278427780864
Sp1619+0050 244.86794680000003 0.8365735000000001 4408577118080317056
Sp1620-0416 245.1090049 -4.2754657 4356709207522366464
Sp1621-0356 245.3476592 -3.9385062999999993 4356818643290742144
Sp1621-3711 245.2685932 -37.1937561 6021535941318934912
Sp1621-7151 245.4901692 -71.8610471 5806529569245000064
Sp1622+4934 245.7316619 49.5826807 1423312343253959296
Sp1623-0508 245.9991729 -5.135300599999999 4355669206962020096
Sp1623-1758 245.8878661 -17.979471899999997 4324600444333841280
Sp1625-1742 246.4108548 -17.7016897 4324623671517705600
Sp1626+2113 246.5126168 21.2203569 1298201217231698048
Sp1626+2512 246.6472223 25.209851 1302570367203956736
Sp1626-0639 246.50557110000003 -6.6572428 4352067894065551744
Sp1626-3812 246.7154167 -38.2091667 6018209128388194688
Sp1627+8105 246.8605205 81.0855235 1710380123298255232
Sp1627-2425 246.86075 -24.431675 6049147667582029568
Sp1628+0737 247.07166040000004 7.6218515 4440061500403600768
Sp1630-2120 247.5738792 -21.3336762 6052334155364646528
Sp1631+3227 247.8011424 32.4531442 1324598017513898752
Sp1632+3505 248.2339014 35.085405200000004 1327719286210329344
Sp1632-0631 248.2450704 -6.5301117 4352307381441947392
Sp1633-6808_1 248.4528664 -68.146726 5809399363316632064
Sp1633-6808_2 248.4557327 -68.1468704 5809399363316630912
Sp1633-7553 248.3026482 -75.8896931 5781043783061254272
Sp1637+0037 249.4487569 0.6217708000000001 4383601165995574528
Sp1637+3535 249.2557757 35.5957868 1327654969076730880
Sp1639-3444 249.8203535 -34.748014899999994 6020852487465765248
Sp1640-3451 250.1446672 -34.8552223 6020836411412867968
Sp1642-3654 250.6517759 -36.91432329999999 6019305478910025472
Sp1645+3004 251.3418988 30.0686275 1311454726097258368
Sp1645-0112 251.36750730000003 -1.2080488 4382187125322637312
Sp1645-1319 251.3420067 -13.331184099999998 4327580052130121728
Sp1646+3016 251.6193199 30.278571000000003 1311552518207086720
Sp1646+3434 251.6310126 34.581994200000004 1326893351115617024
Sp1646+5019 251.54762 50.3295419 1412377317863375488
Sp1647+4117 251.773958 41.28518629999999 1356259176389722112
Sp1648-0012 252.0877982 -0.2074816 4382778181541021440
Sp1648-2913 252.1012826 -29.2194511 6031367499416648192
Sp1649+0444 252.2674772 4.7491734 4434578579508991360
Sp1649+2822 252.2623527 28.3711945 1308039230665162240
Sp1650-6026 252.7434833 -60.43759820000001 5914718073148075392
Sp1653+0000 253.3139583 0.004113899999999999 4381249619862185600
Sp1653+6231 253.3739137 62.52679420000001 1630800834638974976
Sp1654+3747 253.711512 37.7873644 1351358992366449152
Sp1654-3818 253.5659264 -38.3165746 5970493789759784192
Sp1655-0823 253.8968627 -8.3946536 4339417394313320192
Sp1656-1422 254.10906980000004 -14.381833300000002 4140281437496568576
Sp1656-2046 254.1399835 -20.7771052 4127182375667696128
Sp1657+1054 254.3939675 10.9065179 4447496977846072960
Sp1657-0940 254.2741937 -9.66875 4336167439803266688
Sp1658+5103 254.6778715 51.0605079 1412657697622625536
Sp1658+7027 254.5146463 70.4504732 1649407285800074240
Sp1659+3515 254.9621443 35.25227860000001 1338857785678266880
Sp1700-1654 255.0724997 -16.9124914 4132842313621569792
Sp1700-2207 255.11615330000004 -22.1257086 4126080699371400064
Sp1701-2115 255.279865 -21.2543246 4127833836291916800
Sp1702-5542 255.6439608 -55.713528 5917512039595795968
Sp1705-0516 256.45146370000003 -5.2795392 4364462551205872000
Sp1705-0909 256.436632 -9.1589711 4336441463013267072
Sp1705-5441 256.4473438 -54.6975944 5923656557253383936
Sp1706-1314 256.72859040000003 -13.244436300000002 4140696473069943424
Sp1707+4301 256.8885719 43.0250716 1355138567881915392
Sp1707+6439 256.82758870000004 64.6592186 1632113518378994304
Sp1707-0558 256.847629 -5.9736717000000015 4364185165038935040
Sp1708-4302 257.0861541 -43.0493946 5965263692134717056
Sp1709-7226 257.43724810000003 -72.4497915 5804349993596182656
Sp1710+2758 257.6178682 27.9694018 4575010197472244352
Sp1711+4028 257.94043700000003 40.4827372 1341903196662424320
Sp1712-0323 258.0179903 -3.3917385 4366633811793952896
Sp1712-2742 258.1869612 -27.713269399999994 4108559431867513344
Sp1713+1211 258.4529331 12.1912321 4540960383944257536
Sp1713-3952 258.4188031 -39.8699651 5972124644679705728
Sp1714+0648 258.6338302 6.8051281 4393807554480456448
Sp1714+3019 258.71808230000005 30.3280644 1333085869323204224
Sp1715-1515 258.7911991 -15.2586565 4136445314452075776
Sp1715-3928 258.8383866 -39.480892 5972252905283041664
Sp1716-0315 259.1467917 -3.2619861 4366509738778105216
Sp1717+6112 259.4994196 61.2027786 1437716460972795392
Sp1717+6526 259.309524 65.4395124 1633752714121739264
Sp1717-8449 259.4097815 -84.83081920000002 5767514322541612672
Sp1718+6802 259.599579 68.04246850000001 1637446836968370176
Sp1718-4131 259.7269774 -41.5278015 5959737748540750592
Sp1718-4637 259.7295417 -46.62741389999999 5951165857153490432
Sp1719-4736 259.8308989 -47.6051271 5950974851364748160
Sp1720+4446 260.1289792 44.7690013 1361383484691177728
Sp1721-2149 260.3812222 -21.826337 4114845099305514496
Sp1723+3724 260.8332858 37.4075784 1337400112432654464
Sp1726-0415 261.59034790000004 -4.259914 4363458933311794816
Sp1726-2737 261.6690023 -27.6333108 4059973524888355584
Sp1727-0111 261.9967832 -1.1859669 4373221192113292928
Sp1728+0839 262.0472676 8.6664102 4490357663379552256
Sp1728+7518 262.24848810000003 75.3120819 1656001233124961152
Sp1729+3805 262.4566565 38.0970813 1343301122619404160
Sp1729+6131 262.2897204 61.5262445 1439014228292204416
Sp1731+1619 262.752667 16.329122199999997 4549845743568317312
Sp1731+2721 262.8738781 27.356454100000004 4595127343251508992
Sp1732+3004 263.1171945 30.0817531 4598974774954601216
Sp1733+2615 263.2520527 26.254091100000004 4594808965914061184
Sp1733+3144 263.3862452 31.7492635 4600837382010781696
Sp1733-1654 263.4261613 -16.913921600000002 4124397553254685440
Sp1734-0849 263.53617080000004 -8.831041599999997 4168368844280868992
Sp1734-1151 263.62725040000004 -11.8608431 4162703606326651392
Sp1734-2711 263.59080040000003 -27.1910076 4061368702058503168
Sp1735+0012 263.90621180000005 0.2058569 4373813863241766784
Sp1735+2634 263.8040417 26.5798722 4594186745413771392
Sp1735-2745 263.7877504 -27.7624617 4061264935583100160
Sp1735-4611 263.9814679 -46.1870338 5949102000769521664
Sp1736-3425 264.1740823 -34.4294964 4053559111471124608
Sp1737+4705 264.4107826 47.0973353 1363482108789712000
Sp1739+2454 264.8548478 24.9117727 4581695915363428736
Sp1739+5532 264.9717837 55.5449313 1421042126620559104
Sp1741+0940 265.47667290000004 9.6816515 4489306942580947584
Sp1743+1832 265.9631318 18.5492834 4552028750887460608
Sp1743+2127 265.9229196 21.4519867 4556014656644051456
Sp1743+5844 265.8953333 58.7363889 1422931667417480320
Sp1743+8526 265.7802866 85.4498926 1724495516135399936
Sp1744-5834 266.1043283 -58.5708801 5918136424731578240
Sp1745-1640 266.3944653 -16.681656 4123874907297370240
Sp1746+2903 266.6230056 29.060734000000004 4596327150956343680
Sp1746+3731 266.5091225 37.526535 4609272869578837504
Sp1746+5034 266.5505924 50.5676139 1367315968397315584
Sp1746-0551 266.59799530000004 -5.8636379000000005 4175226257790341504
Sp1746-3214 266.6695735 -32.234584000000005 4055579464064558592
Sp1749+2241 267.4976275 22.6852268 4580216762992082048
Sp1750+4424 267.5537291 44.401179 1349492949336359936
Sp1751+3610 267.99352180000005 36.1830723 4608161125885674368
Sp1752-2949 268.2312473 -29.8281476 4056402581708399360
Sp1752-4446 268.11913280000005 -44.781529600000006 5954761466289688320
Sp1752-7642 268.1288583 -76.7076897 5800843032535485312
Sp1753-2312 268.299692 -23.2070077 4068644101753728512
Sp1753-6559 268.4379459 -65.99879770000001 5908794218026022144
Sp1754+6408 268.66864480000004 64.1357113 1439919263800588928
Sp1755+5824 268.8902441 58.4076399 1421971866781082112
Sp1755-0126 268.8694456 -1.4333452 4178755415232881152
Sp1756-2042 269.1500792 -20.7082547 4071058526222980096
Sp1756-2707 269.01116360000003 -27.1297615 4063613694285106048
Sp1756-2933 269.0665314 -29.565493 4056326303084635776
Sp1756-4518 269.12345830000004 -45.3061222 5954533970473099264
Sp1757+1142 269.4251469 11.7131102 4495872916780771200
Sp1757+7042 269.3142416 70.7003102 1638180413086979840
Sp1757-1253 269.386609 -12.89741 4150469344775405184
Sp1757-4419 269.4430916 -44.3215825 5956044179742203520
Sp1758+3157 269.5007199 31.9575404 4603189168664878208
Sp1758-2804 269.5971157 -28.083221 4062745664214264192
Sp1758-2904 269.7279607 -29.0810699 4062347950343816576
Sp1759+0235 269.9849866 2.5906673 4469266762617305088
Sp1800-1559 270.0048617 -15.989991 4145132555890838784
Sp1801+7442 270.4395207 74.7080948 2267517023167123712
Sp1801-2825 270.2822139 -28.41689430000001 4062490612114078464
Sp1802-1412 270.5208356 -14.2101853 4147095940015176704
Sp1803-1550 270.9106485 -15.833587 4145194197200758144
Sp1803-3031 270.7515318 -30.522708500000004 4050146841807761152
Sp1804-1616 271.17031210000005 -16.2774749 4144383754057229696
Sp1804-3129 271.06091289999995 -31.49136 4043852481204049536
Sp1804-3200 271.2429062 -32.0059674 4043052483364954112
Sp1805-1422 271.4360088 -14.3784682 4147112604476417792
Sp1805-2758 271.4138828 -27.9798247 4062844895337938688
Sp1806+2923 271.6903745 29.3997565 4590356940256629120
Sp1807+5015 271.8164666 50.2587872 2123161836615550848
Sp1807-0625 271.7759216 -6.429785400000001 4171383636445972096
Sp1807-2459 271.8668091 -24.9874951 4065787531853993856
Sp1808+3523 272.05830860000003 35.3862138 4606224817186878848
Sp1808-2739 272.22584900000004 -27.6622093 4062963921612402432
Sp1809+2259 272.3056762 22.993793 4578202973087023360
Sp1812+0531 273.0410505 5.5267078000000005 4471578760691485056
Sp1812+2536 273.1766443 25.600368600000003 4579668141049191040
Sp1813-2542 273.4865244 -25.7021056 4064752861379890944
Sp1814-1536 273.6649143 -15.605679 4145765496561285120
Sp1814-2025 273.6219441 -20.4246155 4094032443707053568
Sp1814-4522 273.57842850000003 -45.3674103 6720229263835768832
Sp1815-2237 273.9212271 -22.6261675 4090479921678998272
Sp1817+1017 274.2905689 10.292146699999998 4482174616812464128
Sp1819+4101 274.9443767 41.0325213 2109889524381399040
Sp1819+6600 274.9558212 66.0152252 2257578507499901312
Sp1819-4032 274.8318795 -40.5494447 6726429375571878912
Sp1819-5754 274.9891727 -57.9086361 6647979736302964096
Sp1821+1414 275.3673552 14.2335685 4485574134969389312
Sp1821-6101 275.4429536 -61.0317625 6634463852178515456
Sp1822+3921 275.6964017 39.3640158 2109407255391343488
Sp1822+4032 275.7431606 40.5344048 2109805965791669760
Sp1824+7316 276.1840761 73.268443 2267065781019464192
Sp1824-0500 276.2397382 -5.01575 4257330982918696320
Sp1824-0536 276.0982862 -5.6136806 4161034758178900224
Sp1824-3503 276.0486839 -35.055088399999995 4044274938335481472
Sp1824-3519 276.06846060000004 -35.3228295 6734417258848246400
Sp1825+5122 276.33539410000003 51.371509 2124214034882055424
Sp1825-1853 276.46804560000004 -18.8879575 4093157954091310208
Sp1826+3014 276.5458458 30.238576 4588438567346043776
Sp1827-1251 276.8699342 -12.8595528 4152906889008241152
Sp1829+0215 277.394382 2.265262 4276948538120524288
Sp1829+0757 277.4476345 7.958849099999999 4477628892158580736
Sp1829+2600 277.38663460000004 26.0117825 4537192426318445312
Sp1829-1439 277.32910780000003 -14.6505374 4104121283206946688
Sp1830-1842 277.5317083 -18.710033300000006 4093120983006380672
Sp1831-6435 277.9702624 -64.5964136 6437777371042569344
Sp1833+2225 278.4162219 22.4193782 4535152454295543936
Sp1834-3353 278.6329996 -33.8934909 6735003195456641024
Sp1835+0440 278.9817649 4.6733012 4283847080223677056
Sp1835+3259 278.9077745 32.998142 2091177593123254016
Sp1836-3507 279.2435253 -35.121512100000004 6733860940302404864
Sp1837+1558 279.4301037 15.969781 4510049504324001152
Sp1837-4755 279.3576162 -47.9244407 6704941688521962496
Sp1839+2952 279.8878684 29.871244800000003 4587614930058979584
Sp1839+4424 279.8640333 44.4134278 2117179153330391040
Sp1841+2421 280.4496079 24.3665819 4535850438020392704
Sp1841-4347 280.2895827 -43.792428 6709964635600548992
Sp1842+6751 280.6034482 67.8624835 2258730658247255552
Sp1842-0014 280.516263 -0.2406044 4272395456154131456
Sp1842-3905 280.580433 -39.0993143 6729658843064176000
Sp1842-5114 280.5228283 -51.2439979 6655006165359227264
Sp1843+1132 280.8764659 11.534956 4504120628412422784
Sp1843+2651 280.8523395 26.855300300000003 4537903393728410624
Sp1843+4040 280.84202450000004 40.672594200000006 2098514324976071424
Sp1843-0255 280.857521 -2.9208544 4258673624065016576
Sp1845+0711 281.3394946 7.199596799999999 4286113482922764288
Sp1845+3853 281.3289187 38.8901727 2098118397710725248
Sp1845-2535 281.2822199 -25.5870284 4073379904492310656
Sp1845-6357 281.2860999 -63.9631851 6439125097425259776
Sp1846-3250 281.5318593 -32.8362832 6736068072442493312
Sp1847-3419 281.9459169 -34.32625529999999 6735308241178655872
Sp1848-6855 282.0848396 -68.9262185 6431977687725247104
Sp1848-8214 282.2117325000001 -82.245038 6359521108406068992
Sp1849-2359 282.4950216000001 -23.9915953 4075135240434830720
Sp1851+2641 282.93867610000007 26.6991013 4538002628953515392
Sp1851+5935 282.7575765 59.5844916 2156140966334260096
Sp1852+5257 283.0702572 52.95526020000001 2146205160793278976
Sp1852-0305 283.0645573000001 -3.0986115 4258755778197107200
Sp1852-5708 283.2398338 -57.1372059 6637022759333088768
Sp1853-4107 283.4767638 -41.1328407 6716645027732064640
Sp1854+8429 283.6946918999999 84.4963763 2302731288228467328
Sp1854-5704 283.7105093 -57.0782589 6637017330494491648
Sp1855-6914 283.9530614 -69.23748020000001 6421389047155380352
Sp1856+6356 284.0996004 63.9496176 2253514575086001536
Sp1856-0822 284.037595 -8.3775007 4203875751318123904
Sp1857+1200 284.4049161000001 12.005039300000002 4313683118529513600
Sp1858-2420 284.6968523 -24.3466751 4074475773958253696
Sp1859+1146 284.7761287 11.7828067 4313630857347695360
Sp1859-7435 284.9217642 -74.5930757 6414193190226793088
Sp1903+2437 285.9556706 24.6287687 4533661241650218880
Sp1903+3422 285.82337810000007 34.3791417 2044451578761513984
Sp1903+3521 285.7774555000001 35.35508370000001 2092602594550437632
Sp1904-4229 286.0910912 -42.4967815 6712572780258551168
Sp1905+1740 286.2597214 17.675975899999994 4514579354818664704
Sp1905-4644 286.2644788 -46.7447074 6662824483302682752
Sp1906+4011 286.7008959 40.1857208 2100693797539808896
Sp1906-0515 286.5288748000001 -5.2512031 4206320171755704320
Sp1906-5828 286.605027 -58.47381650000001 6633500847494138496
Sp1907+0443 286.8422408 4.7320332999999986 4269411798275964800
Sp1908+2238 287.2314211000001 22.6486575 4521094957614129024
Sp1909+1629 287.4726393 16.49462 4513456993929206784
Sp1909-1937 287.2841732 -19.6300164 4083994314834200960
Sp1910+1504 287.6063093 15.0818444 4320593892719038464
Sp1910+1702 287.5583607 17.0434701 4513558149034186880
Sp1910+5634 287.5466182 56.5738361 2141364423410899968
Sp1913-0241 288.4157969 -2.6883165 4261087704930345600
Sp1914+6808 288.5195634 68.1458253 2261191880664881536
Sp1914-3008 288.58303019999994 -30.144460100000003 6758993680146596736
Sp1916+0051 289.0545658000001 0.8638193999999999 4264640944245035264
Sp1916+0509 289.24003260000006 5.1504413 4293315765165489536
Sp1917-3019 289.2689410000001 -30.322251300000005 6758930664392303232
Sp1919-3115 289.82947189999993 -31.2531017 6757888533525080576
Sp1921+2425 290.2884832 24.4310102 2022991826205278080
Sp1921-2915 290.3744225000001 -29.2640393 6759481141756109056
Sp1923+0917 290.9078426000001 9.294834 4308384262776409728
Sp1923-3308 290.9092733 -33.1450868 6745394611098654336
Sp1924+2004 291.13840939999994 20.0812067 4515902067279357056
Sp1924+2322 291.1574929 23.380194 2022679771055017344
Sp1924+7533 291.0727285000001 75.55329 2289304297045379456
Sp1924-5154 291.1348365 -51.9101475 6646473096129766912
Sp1925+0700 291.3031648 7.010085000000001 4295524821431807232
Sp1925+0938 291.3787992 9.6398039 4308488780772030336
Sp1926-4310 291.5355739 -43.1824601 6665111226973054208
Sp1927+2537 291.7941911000001 25.62455150000001 2024675900064676224
Sp1927-4833 291.8814129 -48.56460070000001 6659099681507716736
Sp1928+1301 292.1138197 13.033178 4316455502719737472
Sp1928+2339 292.0350162 23.6517876 2019700846162292864
Sp1928+3403 292.1857234 34.0613309 2046643455185395968
Sp1928-4356 292.2166877 -43.9404154 6664912936922642048
Sp1928-4700 292.0993605 -47.0106276 6660561821519000960
Sp1929+1101 292.4324907 11.0325221 4314878631298620160
Sp1929-0458 292.402911 -4.9801997 4208609522456994304
Sp1930-1521 292.6407813 -15.3615902 4181467253288480640
Sp1933+1022 293.2741993 10.3794955 4314593308028863872
Sp1933+1944 293.3688301 19.744042 1825481536024344576
Sp1933+2150 293.3647137000001 21.8334425 2018474482692940288
Sp1933-0810 293.315599 -8.1737218 4206618517355209088
Sp1935-2846 293.983125 -28.776194399999994 6752579812206787968
Sp1936-0455 294.1465981 -4.9306958 4209956497214985344
Sp1937-1359 294.2634514 -13.9925267 4183182182189784832
Sp1938+4321 294.7012463 43.356332 2077988676275617408
Sp1939-4239 294.7692291 -42.6570336 6688348821108279552
Sp1939-5750 294.96697810000006 -57.84273220000001 6448329418495400960
Sp1940+1237 295.0088988 12.622805 4316785012653747456
Sp1941-6733 295.4226689 -67.5551949 6427046481153632640
Sp1942+1913 295.7213777 19.2291469 1824873403019776896
Sp1942-4115 295.6253312 -41.25346079999999 6689574432978156160
Sp1943-6125 295.887927 -61.4282938 6442331445127207808
Sp1944+0147 296.05890939999995 1.7981935000000002 4241358824189862784
Sp1944+1957 296.0582891 19.961039000000003 1824937926271430016
Sp1945+5428 296.4822811 54.48014739999999 2137903951084527488
Sp1945-2557 296.3985155 -25.9560818 6766848728654380160
Sp1945-4904 296.3297115000001 -49.0822231 6671044947630014464
Sp1946+1856 296.5777323000001 18.9339313 1824607596092217856
Sp1946-1145 296.70212789999994 -11.7556287 4189904325697216256
Sp1949+1713 297.3726662 17.2174188 1820834656271108864
Sp1949+2445 297.4615641000001 24.7515311 2020676971970754560
Sp1950+2436 297.6493102 24.6131941 2020624298493806336
Sp1953+3414 298.3530753 34.2351343 2035296284732054656
Sp1953+4424_1 298.4777691999999 44.4142616 2079073928612819840
Sp1953+4424_2 298.4803488 44.4150401 2079073928612821760
Sp1954+1801 298.6816093000001 18.0328578 1821315795663331456
Sp1954+4923 298.6459099 49.3889674 2086976908949413632
Sp1955+1052 298.7921688 10.8672908 4303436872733594880
Sp1955-1316 298.8560111 -13.269040300000002 4188546733786020608
Sp1955-7126 298.8135646 -71.439418 6422419873664621184
Sp1956+0052 299.1621329 0.8789514 4237289050615531904
Sp1956+1426 299.0758615000001 14.435341500000002 1807406114600208000
Sp1956-1754 299.0642814 -17.906996399999993 6870499758522734208
Sp1957+2408 299.4965870000001 24.1404133 1834201659636172416
Sp1959+2223 299.9477161000001 22.383874 1827042803836074752
Sp2000+3057 300.0240136000001 30.958917 2030861099681010304
Sp2001+0647 300.4883715 6.791624400000001 4249108800619148032
Sp2002-0521 300.7112958 -5.364606200000001 4220379661283166720
Sp2002-4433 300.71700489999995 -44.5510889 6673620106941390592
Sp2002-5425 300.5562102 -54.4321969 6473160651658069120
Sp2004-1416 301.2240042 -14.273068 6877944105080250368
Sp2006-0852 301.6165935 -8.8817543 4192430969057394560
Sp2010+0634 302.64745560000006 6.5768964999999975 4250327781042868224
Sp2012+1246 303.2191129 12.7754766 1803225427774999680
Sp2012+1627 303.2029054 16.451609 1808713979365191296
Sp2015-5645 303.8398336 -56.7652404 6468714845110882048
Sp2016+1719 304.17042410000005 17.3214706 1809169250199281024
Sp2016-1045 304.2106638 -10.7665199 6881163470829624320
Sp2018-0007 304.5043978 -0.13284179999999998 4230317562772588416
Sp2018-0701 304.6558937 -7.0202395000000015 4216281128612768384
Sp2019-5816 304.9575417 -58.2786389 6468337884421010048
Sp2020+3603 305.0167292 36.0586651 2057462546521428608
Sp2021+2216 305.4612319 22.2727244 1829270006385229440
Sp2022-3944 305.5474813 -39.7469132 6692948039591889664
Sp2023-4305 305.8299249 -43.0863955 6679235106666264064
Sp2025-0835 306.44868280000014 -8.5920735 6905837821722155648
Sp2026+0439 306.6519508 4.6612627 4245200758323877376
Sp2026-2943 306.5660316000001 -29.720275 6797628972554531840
Sp2027+2555 306.8124299 25.9217437 1832633481176363904
Sp2028-0010 307.0528403 -0.1803163 4229797596850404608
Sp2029+5750 307.2999193 57.8421269 2188222203084317184
Sp2031+1052 307.8623603000001 10.8666778 1753778152192018560
Sp2032+4155 308.0095527 41.9268453 2068138392112597376
Sp2032-6918 308.1388366000001 -69.31636280000001 6422888673638503424
Sp2033+2823 308.3189028 28.3954923 1857525389328342784
Sp2033+3119 308.2970845000001 31.331841 1862598815166112384
Sp2034+0827 308.6570406 8.450327699999999 1749473774619251840
Sp2034+4708 308.6570535 47.140629 2071546500199092992
Sp2035-3110 308.8348591 -31.1690045 6793513225656482560
Sp2035-4349 308.8901177 -43.825995 6676151865606518656
Sp2036-0847 309.1845512 -8.7872278 6906393659206977280
Sp2037-1137 309.2798193 -11.6325974 6901234269614405888
Sp2038-4020 309.7108538 -40.3383708 6681308987458790528
Sp2038-5223 309.5646559 -52.384876 6474508889136390528
Sp2039-2926 309.8494584 -29.4429643 6798222846275675520
Sp2042+3225 310.7398452 32.42512369999999 1862927397342009856
Sp2042-0500 310.688219 -5.0053274000000005 6914281796143286784
Sp2042-0821 310.5759654 -8.359579400000001 6906460145302607744
Sp2044+1517 311.1562162 15.2929935 1762523981210977664
Sp2045-6332 311.2599167 -63.5351861 6450595924277607040
Sp2047+1421 311.8531104 14.364544199999996 1762216079299019008
Sp2047-0808 311.8823512 -8.1389955 6903805924230742144
Sp2049+3216 312.3071438 32.2809245 1859954695858413184
Sp2049+3336 312.36415530000005 33.6141574 1869054868256849920
Sp2049-1716 312.4697815 -17.269019 6858958940879829248
Sp2049-1944 312.3323435 -19.742431600000003 6857273939310123136
Sp2052+0510 313.1698178000001 5.1746887 1734945824403206400
Sp2052+7104 313.1489244 71.0815814 2271895145327043712
Sp2052-2318 313.0357145 -23.3028172 6806826799639247744
Sp2052-4758 313.11707 -47.9789689 6481588305207220864
Sp2052-6431 313.1883943 -64.518998 6449565647523846272
Sp2053+0303 313.43851060000014 3.0609137000000004 1731017028838799488
Sp2053+3319 313.34112589999995 33.3261894 1866111823527724416
Sp2053-5409 313.2666476 -54.1603238 6470408677133171968
Sp2057-0252 314.4753896 -2.8750694 6915795853718552960
Sp2100-3236 315.0783689 -32.6103087 6781861563497231232
Sp2101+0307 315.2699628000001 3.1180481 1731137528439917568
Sp2104+0722 316.1856375 7.373663499999997 1737141510468332800
Sp2104+3100 316.0869924 31.0158936 1852656275102502016
Sp2104-1037 316.0623992 -10.6270404 6890153425787729152
Sp2105+4816 316.4818544 48.2767408 2165532410561273728
Sp2106-1650 316.679037 -16.84285 6882305283587467392
Sp2106-4044 316.5872175 -40.7477823 6581421968143179904
Sp2107-0307 316.8820424 -3.1260152000000003 6915878523250505856
Sp2107-3357 316.853431 -33.9593321 6777760556924773248
Sp2107-4544 316.9756184 -45.7351231 6483544920505696256
Sp2110-5540 317.6198332 -55.677553 6463046862668320384
Sp2112+8427 318.0914934 84.4583902 2300600129751000064
Sp2116+0341 319.0438019 3.6915377 1731827128389211520
Sp2116+2238 319.0262972 22.6462308 1791810263689791488
Sp2117+3428 319.4430247 34.468160600000004 1867314345651278848
Sp2118-4505 319.6330783 -45.0978989 6576611428676004608
Sp2120+1021 320.1411805 10.3664173 1745247522506427776
Sp2120-4130 320.2190504 -41.509516 6580532321501146880
Sp2126+2531 321.7410289 25.5185056 1798588409277193984
Sp2126-3143 321.6419701000001 -31.72292160000001 6784262587654030336
Sp2126-8140 321.7113445 -81.67476690000002 6348511080000131072
Sp2127+1652 321.900187 16.872154600000002 1784314510669611520
Sp2127+5553 321.856592 55.88750870000001 2177877452238559104
Sp2127-4215 321.8590305 -42.2551097 6578760870830186368
Sp2127-7508 321.9491977 -75.1419268 6368902966247688320
Sp2128-6510 322.020032 -65.180439 6401461910728172672
Sp2130-0845 322.6860501 -8.7557142 6894737663425859328
Sp2132+1341 323.0477083 13.6995583 0
Sp2133+2321 323.2831145 23.3663793 1797268548646812800
Sp2134+2404 323.6484567 24.0690467 1797418868207819776
Sp2134+3838 323.592281 38.6488638 1953807805800935296
Sp2135-3040 323.9831027 -30.6829992 6785142708057041792
Sp2135-3153 323.8108742 -31.8960688 6784738092073342848
Sp2137+1450 324.2935393 14.846582 1770881266011697920
Sp2137-0527 324.3223339 -5.4623096 2671286009606028672
Sp2137-6723 324.4231363 -67.3963354 6400218225637412736
Sp2137-7014 324.4143149 -70.2391871 6396320933657363456
Sp2138+5257 324.5713543 52.95522560000001 2173367633501430272
Sp2139+3934 324.7560893000001 39.5763297 1953968605083657088
Sp2140-0050 325.0154153 -0.8333688 2686976036241883520
Sp2141-5118 325.4813418 -51.3140621 6558741070485093632
Sp2143-8337 325.9761682 -83.6204359 6344897290222195584
Sp2144-1847 326.1682568 -18.7988269 6836547453635933056
Sp2146+3719 326.5335829 37.3319419 1952552782000889216
Sp2148+0447 327.1744638 4.7944867 2696868243570380288
Sp2148+0639 327.2450687 6.658823 2700569092335347968
Sp2149-5805 327.2717859 -58.0881235 6410819544952556160
Sp2150-6610 327.5546878 -66.1768454 6398883620384263552
Sp2151+2328 327.7712326 23.469335600000004 1795813379365971072
Sp2151-1141 327.792125 -11.6883667 6844219059795207296
Sp2151-4017 327.8813078 -40.2897689 6572811211549713792
Sp2153+2950 328.4160557 29.8348142 1897311977785999744
Sp2156-4505 329.0407198000001 -45.0840809 6564780825295087872
Sp2157+7537 329.4354514 75.6320319 2280379251923776896
Sp2157-2726 329.4782869 -27.441974600000005 6619520939396842624
Sp2157-5534 329.4545402 -55.5783309 6412958026349034880
Sp2158+5836 329.5302281000001 58.610535 2199435611080216704
Sp2158-1550 329.5190417 -15.8358556 6838931126125203968
Sp2200+5536 330.0308402 55.6007017 2198074999791010304
Sp2201-0145 330.3947667 -1.7657393 2676769445892285696
Sp2202+5305 330.5110024 53.099158900000006 1981274568353597696
Sp2204-5646 331.0438333 -56.7826944 6412596012146094848
Sp2205-1104 331.3988693 -11.0747115 2614071100988460544
Sp2206-2047 331.595 -20.7847444 6820468852720898944
Sp2206-4217 331.6876898 -42.2892127 6568464361047484288
Sp2209-3707 332.3153938 -37.1329592 6574918563022096384
Sp2210-0936 332.733125 -9.600416699999998 2615804824667108736
Sp2213-4245 333.3967102 -42.76107800000001 6569700349557517056
Sp2213-5451 333.4595325 -54.8567554 6508226723167166336
Sp2213-6342 333.4608973 -63.7027805 6405457982659103872
Sp2214-1319 333.7114278 -13.3331951 2600624997198227712
Sp2219-1440 334.8984003 -14.6695188 2599121969098191488
Sp2221+1158 335.4714566 11.9728176 2730645996689892736
Sp2222+5857 335.6408535 58.95249820000001 2200349373952164992
Sp2222-5719 335.7268068 -57.3190164 6504700451938373760
Sp2224+2230 336.17653019999995 22.5118489 1875075420267288064
Sp2224-3901 336.0932979 -39.0221135 6594527803147581568
Sp2226+6139 336.7393262 61.6659662 2202050043570150528
Sp2226-7503 336.6857951 -75.0618139 6357834388848708224
Sp2228-1325 337.2264140000001 -13.4220719 2601148128510120576
Sp2229-0650 337.4922215 -6.845409299999999 2622810534801599360
Sp2229-4728 337.4363318 -47.47853129999999 6518450978713330048
Sp2230-3358 337.7250842 -33.9759125 6600456850880784256
Sp2230-5344 337.5375 -53.74861110000001 6509993810151618304
Sp2232+0909 338.06114239999994 9.1624407 2717083928783441664
Sp2233+3359 338.4439519 33.99364370000001 1902388491693623680
Sp2233+3547 338.4494543 35.7964745 1904244261162888576
Sp2234+2359 338.5587575 23.9988553 1876972009105701504
Sp2234-2720 338.5415237 -27.3497752 6621179380888631424
Sp2235+0418 338.9685401 4.3156945 2705646366448978048
Sp2235+1840 338.9547425 18.674985 2833919859711849600
Sp2237+3922 339.38558880000005 39.3775935 1908305165624662272
Sp2238+4353 339.5316349 43.8882441 1982218395990388224
Sp2240+4018 340.1986966 40.3123111 1932376979850360704
Sp2240-4253 340.1124191 -42.8884419 6544145019268698496
Sp2241-3258 340.4217423 -32.9801732 6597767685957278592
Sp2241-5915 340.4788161 -59.2585875 6503514658710993664
Sp2241-6119 340.4327157 -61.3275794 6406967509044866560
Sp2241-7500 340.4964305000001 -75.0091829 6381623044470172672
Sp2242+2542 340.7219072 25.715908 1877650201620091008
Sp2243-5932 340.8206445 -59.5390068 6503296925345017984
Sp2244-3045 341.2045309 -30.764875 6607432496244359296
Sp2245+5750 341.4950846000001 57.8492213 2007409719223293696
Sp2247+1955 341.75748280000005 19.9245989 2833779087863089664
Sp2247-7733 341.9296871 -77.56056540000002 6353933390312920832
Sp2249+3205 342.2882083 32.0966917 1890433639202023808
Sp2250-5543 342.6654467 -55.7274407 6505691764750006656
Sp2250-5640 342.5346253 -56.6826295 6505528693430442112
Sp2252-1730 343.0448777 -17.503869100000006 2403199614187542528
Sp2253-4801 343.2832109 -48.0326972 6515783804023662336
Sp2254-2840 343.7164372 -28.6737339 6609254898113164416
Sp2255-5713 343.8267022 -57.2184067 6493448634054105728
Sp2256+0031 344.18517410000015 0.5220656 2651994356541992320
Sp2256+6854 344.01367430000005 68.90198649999999 2225409442971141120
Sp2257-4030 344.2680873 -40.5042732 6546160179266900864
Sp2257-4638 344.4550545 -46.6457338 6516332666486584064
Sp2258+0113 344.72516210000015 1.2310332 2652433473998070912
Sp2259+8013 344.9306351 80.22197249999998 2285853892116390144
Sp2259-5420 344.7783671 -54.3432834 6506200976072829184
Sp2303+2100 345.7692473 21.0153209 2832642880035528192
Sp2306-0502 346.6223839 -5.0413977 2635476908753563008
Sp2306-5008 346.7459854 -50.1497058 6502618938988110848
Sp2308-2722 347.04763460000015 -27.366841600000004 2379350519786259072
Sp2310-1759 347.57696760000016 -17.986037600000003 2406057485426252160
Sp2314+6939 348.5120714 69.66027009999999 2215027510585500672
Sp2315-0627 348.9771187 -6.4628983 2631857350835259392
Sp2316-2141 349.2194499 -21.6986711 2385628829965900928
Sp2317+6423 349.2709553 64.39325840000001 2207815706446693376
Sp2317-0236 349.33644889999994 -2.6090715 2637726956221339136
Sp2319+7645 349.8417545 76.762191 2233222229000888064
Sp2321-1326 350.302425 -13.4411737 2408845056640573056
Sp2322-3133 350.69496360000005 -31.556524600000003 2328674716056981888
Sp2324-5817 351.2110787 -58.2987118 6492543937848408192
Sp2325+4251 351.43871060000015 42.8634372 1925025168366253952
Sp2327-1741 351.8602124 -17.692437899999994 2393563872239260928
Sp2329+2704 352.3036521 27.0707816 2865724951533094912
Sp2329+4626 352.35472910000016 46.4436003 1938465628573574784
Sp2329-1607 352.4495893 -16.132221400000002 2407323744864329344
Sp2329-5408 352.3821835 -54.14971110000001 6500949571097597824
Sp2330-4736 352.5661971 -47.6125234 6526541563232943872
Sp2331+1552 352.87232 15.8729582 2820384936000540544
Sp2331-0406 352.7567828 -4.1054206 2633426216489127296
Sp2331-2749 352.84065130000016 -27.8304464 2331849006126794880
Sp2333+7456 353.38322400000015 74.93827859999998 2232201809194564480
Sp2333-2133 353.4195229 -21.56474660000001 2388493745334271104
Sp2334+1933 353.6641768 19.5511199 2824567482526264576
Sp2335-0223 353.79359530000005 -2.3890597 2640434056928150400
Sp2336+1835 354.06849520000014 18.583447600000003 2821435381919156864
Sp2336+2153 354.183181 21.8941371 2827319663210149120
Sp2337+4405 354.3579846 44.0921689 1926492947667861248
Sp2337-0933 354.3193532 -9.556919699999998 2437199090699580928
Sp2338+6352 354.50178860000005 63.8789735 2016748249420398464
Sp2338-1246 354.7255417 -12.7718 2432407796982618752
Sp2338-2029 354.67758330000015 -20.4941667 2388842260071920128
Sp2338-4726 354.577709 -47.4370825 6525046188759705728
Sp2339+3507 354.8555132 35.1212662 2873220249284763392
Sp2343-2906 355.88361539999994 -29.1075979 2327766927474541824
Sp2344+1312 356.175045 13.21415 2770074036986200704
Sp2344-0733 356.0260425 -7.5578755000000015 2439377218938814336
Sp2345+6758 356.4805271 67.9800071 2211036283380392320
Sp2346+1129 356.691749 11.4859638 2760661255379706240
Sp2347+2702 356.9037071 27.035254 2865029029391974400
Sp2347-0638 356.9666772 -6.6464797 2445535274328141568
Sp2348-3134 357.1216133 -31.5705729 2326246371612573312
Sp2349-1344 357.442084 -13.7366395 2420188237068400512
Sp2350+0806 357.6648315 8.1065734 2758618568934035456
Sp2351+3010 357.8416667 30.1816667 2867496505282632192
Sp2352-2009 358.1974076 -20.1559985 2389801137290107264
Sp2353-0833 358.49773480000016 -8.5588011 2435317585786753920
Sp2354+2849 358.7088487 28.8206014 2867107342590523392
Sp2354-1852 358.7496386 -18.8727499 2390199568521774848
Sp2354-3316 358.5384092 -33.2740991 2313836153805786624
Sp2354-6312 358.61211360000016 -63.2040032 6486001882317858048
Sp2355-5800 358.84110630000015 -58.0009909 6494861747014476288
Sp2356-3426 359.04508500000014 -34.4346088 2312952902371420800
Sp2356-3827 359.2121154 -38.4618804 2307221350118692992
Sp2357+4011 359.2899945 40.1930485 2882057337768813056
Sp2357+5727 359.3281299 57.4664635 1998109946788787456
Sp2358-6245 359.6816847 -62.76178639999999 6487483783474213632
Sp2359+2338 359.7849597 23.6419536 2848408772970345600
Sp2359-2007 359.9903167 -20.12789 2341766188692111744
Sp2359-2932 359.7660311 -29.5395644 2332937316480303616
